1 1.0 0.0 0.0 0.0 0.0 1.0 0.0 0.0 0.0 0.0 1.0 0.0 0.0 0.0 0.0 1.0
2 0.9992386149554826 -0.01745240643728351 0.03489418134011368 -0.39731733751461273 0.017441774902830158 0.9998476951563913 0.0006090802009086826 0.32904628191357155 -0.03489949670250097 0.0 0.9993908270190958 -0.2005508750905589 0.0 0.0 0.0 1.0
3 0.9961969233988567 -0.06975647374412529 0.052208468483931986 -0.464926810369617 0.06966087492121549 0.9975640502598243 0.003650771757534602 -0.19175605305848997 -0.052335956242943835 0.0 0.9986295347545739 -0.2618945653797864 0.0 0.0 0.0 1.0
4 0.9974121164231596 -0.0687497115097658 0.021036805356262837 0.23609967989552716 0.069745849495301 0.9962606381513788 -0.05099271858203016 -0.2738855363832128 -0.01745240643728351 0.05232798522331313 0.9984774386394599 -0.3367246025180687 0.0 0.0 0.0 1.0
5 0.9961969233988566 -0.04987294511786455 0.07144493793071018 -0.0902984040157171 0.052208468483931986 0.9981486067209819 -0.031203120349166856 -0.03889638073126078 -0.06975647374412529 0.03481448328257624 0.9969563611936845 0.15075822912137626 0.0 0.0 0.0 1.0
6 0.9975640502598243 0.0012174183314141707 0.069745849495301 -0.37988195059012597 0.0 0.9998476951563913 -0.01745240643728351 0.04165587742479038 -0.0697564737441253 0.017409893252357173 0.9974121164231597 0.0875317797017019 0.0 0.0 0.0 1.0
7 0.9992386149554826 -0.01745240643728351 0.03489418134011368 -0.47621729739326746 0.017441774902830158 0.9998476951563913 0.0006090802009086826 -0.2239883161819577 -0.03489949670250097 0.0 0.9993908270190958 -0.2885788747722292 0.0 0.0 0.0 1.0
8 0.9998476951563913 -0.017409893252357173 0.0012174183314141707 0.09848358439280613 0.01745240643728351 0.9974121164231597 -0.069745849495301 0.14832630897553922 0.0 0.0697564737441253 0.9975640502598243 -0.18064634171904137 0.0 0.0 0.0 1.0
9 0.9984774386394599 -0.052335956242943835 0.017428488520812163 0.021376697480676277 0.05232798522331314 0.9986295347545738 0.0009133883796357411 0.12269769414327891 -0.01745240643728351 0.0 0.9998476951563912 -0.027036695697128965 0.0 0.0 0.0 1.0
10 0.9974121164231596 -0.016232515438544884 0.07003981335505338 -0.034731792822612295 0.017409893252357166 0.9997166603890719 -0.016232515438544887 -0.0006453076741514963 -0.06975647374412527 0.01740989325235717 0.9974121164231596 0.13255699530123433 0.0 0.0 0.0 1.0
11 0.9992386149554827 -0.034269527706355565 0.01864912471490822 0.2855636081457631 0.03489418134011367 0.9988032817223754 -0.03426952770635557 0.17580924092992223 -0.01745240643728351 0.03489418134011368 0.9992386149554827 -0.4077132869992802 0.0 0.0 0.0 1.0
12 0.9980211966240684 -0.050440236254263256 0.03754295747109885 -0.052336787109867555 0.05230407459247085 0.9973565392314021 -0.05044023625426325 -0.3800120296952425 -0.03489949670250097 0.05230407459247084 0.9980211966240684 0.24317677354970813 0.0 0.0 0.0 1.0
13 0.9986295347545738 -0.05232798522331314 0.0009133883796357411 -0.3887140394950681 0.052335956242943835 0.9984774386394599 -0.017428488520812163 -0.20368053781880158 0.0 0.01745240643728351 0.9998476951563912 0.1431159707005214 0.0 0.0 0.0 1.0
14 0.9986295347545738 0.0 0.052335956242943835 0.4500137597662597 0.0 0.9999999999999999 0.0 0.3827638782026279 -0.052335956242943835 0.0 0.9986295347545738 -0.16574930727075055 0.0 0.0 0.0 1.0
15 0.9998476951563913 -0.017441774902830158 0.0006090802009086826 0.0066872102858085425 0.01745240643728351 0.9992386149554826 -0.03489418134011368 0.06012910043256092 0.0 0.03489949670250097 0.9993908270190958 -0.1712199976839648 0.0 0.0 0.0 1.0
16 0.9980211966240685 -0.033052850993295343 0.05349018723352579 0.010819749209123097 0.034851668155187324 0.9988457690094182 -0.033052850993295343 0.4997486932779206 -0.052335956242943835 0.034851668155187324 0.9980211966240685 -0.43037511796339445 0.0 0.0 0.0 1.0
17 0.9996954135095478 -0.01619266033965157 0.0186246599727023 -0.07013617204007294 0.01744974835125048 0.9974333633026837 -0.06944200496223113 0.10723941601000264 -0.017452406437283515 0.069745849495301 0.9974121164231596 0.14588623207494944 0.0 0.0 0.0 1.0
18 0.9961969233988565 -0.0669284947991293 0.055787690349892435 -0.4783060108773116 0.06966087492121548 0.9963879900298117 -0.048562699982210064 0.2000282475974524 -0.052335956242943835 0.052264231633826735 0.9972609476841364 0.07940730173074473 0.0 0.0 0.0 1.0
19 0.9980211966240684 -0.052335956242943835 0.03485166815518733 -0.33796012579563384 0.05230407459247084 0.9986295347545739 0.0018264985323228533 0.16164310859716924 -0.03489949670250097 -2.168404344971009e-19 0.9993908270190958 -0.1836777254291887 0.0 0.0 0.0 1.0
20 0.9992386149554826 -0.014975798207882784 0.036026599199558744 0.4939507591930714 0.017441774902830158 0.9974546037102026 -0.06913825298314946 0.13928087279800117 -0.03489949670250097 0.06971397998507722 0.9969563611936846 0.15719716505157633 0.0 0.0 0.0 1.0
21 0.9975640502598243 -0.06966087492121549 0.003650771757534602 -0.29101624440920204 0.06975647374412529 0.9961969233988567 -0.052208468483931986 -0.277261739998247 0.0 0.052335956242943835 0.9986295347545739 0.3144092429810347 0.0 0.0 0.0 1.0
22 0.9974121164231597 -0.06910638347292569 0.0198337534411986 -0.01938730636258479 0.069745849495301 0.9969988484807274 -0.03359780656951603 0.3930053900008843 -0.01745240643728351 0.03489418134011368 0.9992386149554826 -0.024537252266168097 0.0 0.0 0.0 1.0
23 0.999695413509548 -0.016832787467786218 0.01804819863694001 -0.4881488751857962 0.017449748351250485 0.9992492448707019 -0.03458978039552187 0.4212647748476167 -0.01745240643728351 0.03489418134011368 0.9992386149554827 -0.10988935377176057 0.0 0.0 0.0 1.0
24 0.9961969233988567 -0.06975647374412529 0.052208468483931986 -0.4949608707373354 0.06966087492121549 0.9975640502598243 0.003650771757534602 -0.048052481238469835 -0.052335956242943835 0.0 0.9986295347545739 -0.1859463045673444 0.0 0.0 0.0 1.0
25 0.9984774386394601 -0.01375967752504415 0.05341793521271867 0.017844016710124366 0.017428488520812163 0.9974758311756821 -0.0688346860838513 0.12293363040358074 -0.05233595624294384 0.06966087492121549 0.9961969233988568 -0.3052613138140139 0.0 0.0 0.0 1.0
26 0.9998476951563913 -0.017409893252357173 0.0012174183314141707 0.46364476074121597 0.01745240643728351 0.9974121164231597 -0.069745849495301 -0.20720515346451263 0.0 0.0697564737441253 0.9975640502598243 -0.391587315952042 0.0 0.0 0.0 1.0
27 0.9986295347545739 0.0018264985323228533 0.05230407459247084 -0.16061731039961447 -2.168404344971009e-19 0.9993908270190958 -0.03489949670250097 -0.2314424506481335 -0.052335956242943835 0.03485166815518733 0.9980211966240684 -0.39706303817700284 0.0 0.0 0.0 1.0
28 0.9998476951563912 0.0009133883796357411 0.017428488520812163 0.0935468333642695 0.0 0.9986295347545738 -0.052335956242943835 -0.253805364507828 -0.01745240643728351 0.05232798522331314 0.9984774386394599 0.049993841082004664 0.0 0.0 0.0 1.0
29 0.9984774386394599 -0.052335956242943835 0.017428488520812163 -0.41458843161161796 0.05232798522331314 0.9986295347545738 0.0009133883796357411 0.22733254856434215 -0.01745240643728351 0.0 0.9998476951563912 -0.17406929254330528 0.0 0.0 0.0 1.0
30 0.9972609476841366 -0.05048007921290736 0.05405889220837053 0.43373960087335794 0.05226423163382674 0.9981167881713339 -0.0321142843959881 0.22526721278529394 -0.05233595624294383 0.03485166815518733 0.9980211966240684 0.44517612864084133 0.0 0.0 0.0 1.0
31 0.9984774386394598 -0.014689853375883433 0.053169659917837155 0.04762768664035211 0.01742848852081216 0.9985252416937292 -0.051415848610707256 -0.06580462110858554 -0.05233595624294383 0.05226423163382673 0.9972609476841365 0.14199265620759816 0.0 0.0 0.0 1.0
32 0.9974121164231596 -0.016232515438544884 0.07003981335505338 0.44989383403324923 0.017409893252357166 0.9997166603890719 -0.016232515438544887 -0.33914316627437113 -0.06975647374412527 0.01740989325235717 0.9974121164231596 0.09272678061307049 0.0 0.0 0.0 1.0
33 0.9974121164231599 -0.013778272793499144 0.07056365361219072 -0.2259726911201576 0.01740989325235717 0.9985411533919824 -0.05111223532141132 0.4732103636367573 -0.0697564737441253 0.052208468483931986 0.9961969233988568 0.262172802057535 0.0 0.0 0.0 1.0
34 0.9969563611936847 -0.06715801489101642 0.03959564258028455 0.3505617374076194 0.06971397998507722 0.9953038541222166 -0.0671580148910164 -0.12767165899716137 -0.03489949670250097 0.06971397998507721 0.9969563611936847 0.2722687391958486 0.0 0.0 0.0 1.0
35 0.9969563611936847 -0.032445254057455235 0.07088948698216688 -0.18226663947175148 0.034814483282576254 0.9988669867619586 -0.03244525405745523 -0.11747269131366678 -0.0697564737441253 0.03481448328257625 0.9969563611936847 -0.48673801614475953 0.0 0.0 0.0 1.0
36 0.9993908270190958 -0.03489418134011368 0.0006090802009086826 0.43585776481662175 0.03489949670250097 0.9992386149554826 -0.017441774902830158 0.33956009363700035 0.0 0.01745240643728351 0.9998476951563913 0.34022664907328737 0.0 0.0 0.0 1.0
37 0.9969563611936847 -0.032445254057455235 0.07088948698216688 -0.3124005026993625 0.034814483282576254 0.9988669867619586 -0.03244525405745523 0.37778663861484496 -0.0697564737441253 0.03481448328257625 0.9969563611936847 -0.16626298346836998 0.0 0.0 0.0 1.0
38 0.9987820251299123 -0.03238150046796883 0.037227741065427554 0.08952748916699893 0.03487823687206266 0.997041322825731 -0.06849897204055767 0.06837221066777088 -0.03489949670250097 0.06971397998507721 0.9969563611936847 0.10889223204642928 0.0 0.0 0.0 1.0
39 0.9975640502598243 0.0 0.0697564737441253 -0.3084376850186842 0.0 1.0 0.0 0.30268526637335813 -0.0697564737441253 0.0 0.9975640502598243 0.2756781282585927 0.0 0.0 0.0 1.0
40 0.9992386149554826 -0.01745240643728351 0.03489418134011368 0.04174356970659632 0.017441774902830158 0.9998476951563913 0.0006090802009086826 0.3416969169386991 -0.03489949670250097 0.0 0.9993908270190958 0.21204734487593924 0.0 0.0 0.0 1.0
41 0.9993908270190959 0.001217974870087876 0.03487823687206265 0.03359867987651388 0.0 0.9993908270190959 -0.034899496702500976 0.19775799452170606 -0.034899496702500976 0.03487823687206265 0.9987820251299122 -0.4813774928269038 0.0 0.0 0.0 1.0
42 0.9974121164231597 -0.01745240643728351 0.069745849495301 -0.22703827168890167 0.017409893252357173 0.9998476951563913 0.0012174183314141707 -0.09275053391465793 -0.0697564737441253 0.0 0.9975640502598243 -0.12737601298823475 0.0 0.0 0.0 1.0
43 0.9980211966240683 -0.05171973974565147 0.03575974845695519 -0.22130970212304524 0.05230407459247084 0.9985093154342031 -0.015602268173062627 -0.3076355832245997 -0.034899496702500976 0.017441774902830158 0.9992386149554825 0.03804713983048802 0.0 0.0 0.0 1.0
44 0.9998476951563913 -0.017409893252357173 0.0012174183314141707 0.4468584818490068 0.01745240643728351 0.9974121164231597 -0.069745849495301 -0.03759116976390253 0.0 0.0697564737441253 0.9975640502598243 -0.22985371144695177 0.0 0.0 0.0 1.0
45 0.9961969233988565 -0.048618463132104814 0.0723044594290333 0.2431099145743001 0.05220846848393197 0.9974520143150918 -0.048618463132104814 0.15755559350419546 -0.06975647374412527 0.05220846848393197 0.9961969233988565 -0.05263210619131653 0.0 0.0 0.0 1.0
46 0.9992386149554827 -0.015602268173062631 0.03575974845695518 0.4107039496493753 0.01744177490283016 0.9985093154342033 -0.05171973974565148 -0.4676088290863627 -0.03489949670250097 0.05230407459247085 0.9980211966240685 -0.10544527225565248 0.0 0.0 0.0 1.0
47 0.9969563611936847 -0.06849897204055769 0.03722774106542756 0.4070800512854216 0.06971397998507722 0.997041322825731 -0.03238150046796883 -0.26234963598340166 -0.034899496702500976 0.03487823687206266 0.9987820251299123 -0.23175375034154444 0.0 0.0 0.0 1.0
48 0.9980211966240684 -0.03489949670250097 0.05230407459247084 0.4430843373097413 0.03485166815518733 0.9993908270190958 0.0018264985323228533 0.20089827176556496 -0.052335956242943835 -2.168404344971009e-19 0.9986295347545739 -0.22168000812717903 0.0 0.0 0.0 1.0
49 0.9992386149554826 -0.03489949670250097 0.017441774902830158 0.4711956712732944 0.03489418134011368 0.9993908270190958 0.0006090802009086826 0.49054931273793434 -0.01745240643728351 0.0 0.9998476951563913 -0.3167464221552011 0.0 0.0 0.0 1.0
50 0.9998476951563912 -0.017428488520812163 0.0009133883796357411 -0.40642449705534056 0.01745240643728351 0.9984774386394599 -0.05232798522331314 0.40315337005691887 0.0 0.052335956242943835 0.9986295347545738 0.138229409457731 0.0 0.0 0.0 1.0
51 0.9998476951563913 0.0 0.01745240643728351 0.019086890428846592 0.0 1.0 0.0 0.49004105884596005 -0.01745240643728351 0.0 0.9998476951563913 0.2336136418140995 0.0 0.0 0.0 1.0
52 0.9974121164231597 -0.06837209771848664 0.022233449256627444 -0.46157043589069835 0.06974584949530101 0.9952189571806561 -0.06837209771848664 -0.015830556995860112 -0.01745240643728351 0.06974584949530101 0.9974121164231597 -0.027600319805555884 0.0 0.0 0.0 1.0
53 0.9987820251299122 -0.034285472174406584 0.03548200494855919 0.1488439114547917 0.03487823687206265 0.9992598715479458 -0.016223985536214392 -0.11270682157674594 -0.034899496702500976 0.01744177490283016 0.9992386149554827 0.39150735630401345 0.0 0.0 0.0 1.0
54 0.9993908270190959 0.001217974870087876 0.03487823687206265 0.018634147028353976 0.0 0.9993908270190959 -0.034899496702500976 0.23963113163720517 -0.034899496702500976 0.03487823687206265 0.9987820251299122 -0.08982896649960559 0.0 0.0 0.0 1.0
55 0.9980211966240685 -0.033052850993295343 0.05349018723352579 -0.32859327234131785 0.034851668155187324 0.9988457690094182 -0.033052850993295343 0.08262237292733265 -0.052335956242943835 0.034851668155187324 0.9980211966240685 -0.2846193837431533 0.0 0.0 0.0 1.0
56 0.9993908270190958 -0.03489949670250097 0.0 0.3091282524319834 0.03489949670250097 0.9993908270190958 0.0 0.3180112311555786 0.0 0.0 1.0 -0.03427120970657971 0.0 0.0 0.0 1.0
57 0.9969563611936847 -0.03489949670250097 0.06971397998507722 0.2749217909652657 0.034814483282576254 0.9993908270190959 0.0024344658254111962 0.34896994726461583 -0.0697564737441253 0.0 0.9975640502598244 -0.07692557547856183 0.0 0.0 0.0 1.0
58 0.9969563611936845 -0.06783882564751789 0.03841754300073461 -0.24306537516366478 0.06971397998507722 0.9963243334957702 -0.04977733900932569 0.40620101934310826 -0.03489949670250097 0.052304074592470835 0.9980211966240683 -0.24966684148679108 0.0 0.0 0.0 1.0
59 0.9980211966240685 -0.033052850993295343 0.05349018723352579 -0.022469422628389135 0.034851668155187324 0.9988457690094182 -0.033052850993295343 -0.291425576148966 -0.052335956242943835 0.034851668155187324 0.9980211966240685 0.15882274544086739 0.0 0.0 0.0 1.0
60 0.9961969233988567 -0.052335956242943835 0.06966087492121549 -0.46250015100486563 0.052208468483931986 0.9986295347545739 0.003650771757534602 0.1932656563682177 -0.06975647374412529 0.0 0.9975640502598243 0.25068623412390445 0.0 0.0 0.0 1.0
61 0.9974121164231599 -0.06944200496223116 0.0186246599727023 -0.2819518517375358 0.06974584949530102 0.997433363302684 -0.016192660339651572 -0.31725472823561085 -0.017452406437283515 0.017449748351250485 0.999695413509548 -0.0685463706199968 0.0 0.0 0.0 1.0
62 0.9992386149554827 -0.03458978039552187 0.01804819863694001 -0.08763144578620141 0.03489418134011368 0.9992492448707019 -0.016832787467786218 -0.3388278988064466 -0.01745240643728351 0.017449748351250485 0.999695413509548 0.18088891376692573 0.0 0.0 0.0 1.0
63 0.9961969233988565 -0.048618463132104814 0.0723044594290333 0.004333630248680942 0.05220846848393197 0.9974520143150918 -0.048618463132104814 0.008749211570482474 -0.06975647374412527 0.05220846848393197 0.9961969233988565 0.02669948959234658 0.0 0.0 0.0 1.0
64 0.9961969233988565 -0.048618463132104814 0.0723044594290333 0.17870855143772613 0.05220846848393197 0.9974520143150918 -0.048618463132104814 -0.16616939170432865 -0.06975647374412527 0.05220846848393197 0.9961969233988565 0.4957173141976564 0.0 0.0 0.0 1.0
65 0.9975640502598243 0.003650771757534602 0.06966087492121549 0.41464629328570257 0.0 0.9986295347545739 -0.052335956242943835 -0.2125441896481418 -0.06975647374412529 0.052208468483931986 0.9961969233988567 -0.20177269506737028 0.0 0.0 0.0 1.0
66 0.9969563611936845 -0.06783882564751789 0.03841754300073461 -0.4198488099423452 0.06971397998507722 0.9963243334957702 -0.04977733900932569 0.30787927220081757 -0.03489949670250097 0.052304074592470835 0.9980211966240683 0.2549463757556266 0.0 0.0 0.0 1.0
67 0.9951340343707853 -0.06473243809852808 0.07428300676968601 -0.3878097254259295 0.06958655048003273 0.9954734669744394 -0.06473243809852808 -0.09991360024568074 -0.06975647374412532 0.06958655048003273 0.9951340343707853 0.04176913707675256 0.0 0.0 0.0 1.0
68 0.9972609476841365 -0.052335956242943835 0.052264231633826735 -0.23602991801393824 0.052264231633826735 0.9986295347545737 0.0027390523158633317 -0.4425437683558371 -0.052335956242943835 2.168404344971009e-19 0.9986295347545737 -0.364690430237001 0.0 0.0 0.0 1.0
69 0.9993908270190959 -0.03487823687206265 0.001217974870087876 0.2433701103881416 0.034899496702500976 0.9987820251299122 -0.03487823687206265 -0.17345228854590955 0.0 0.034899496702500976 0.9993908270190959 -0.22287084868538576 0.0 0.0 0.0 1.0
70 0.9993908270190958 -0.03485166815518733 0.0018264985323228533 -0.1675157054810118 0.03489949670250097 0.9980211966240684 -0.05230407459247084 0.08085781907648593 -2.168404344971009e-19 0.052335956242943835 0.9986295347545739 -0.06047366865679693 0.0 0.0 0.0 1.0
71 0.9984774386394601 -0.01375967752504415 0.05341793521271867 -0.0145055657935097 0.017428488520812163 0.9974758311756821 -0.0688346860838513 -0.1699827898365317 -0.05233595624294384 0.06966087492121549 0.9961969233988568 -0.4662548848466128 0.0 0.0 0.0 1.0
72 0.9974121164231597 -0.01745240643728351 0.069745849495301 0.0897213701542463 0.017409893252357173 0.9998476951563913 0.0012174183314141707 0.01813345876814787 -0.0697564737441253 0.0 0.9975640502598243 0.2255610273226668 0.0 0.0 0.0 1.0
73 0.9969563611936847 -0.06715801489101642 0.03959564258028455 -0.14129098396755913 0.06971397998507722 0.9953038541222166 -0.0671580148910164 0.32135705737048614 -0.03489949670250097 0.06971397998507721 0.9969563611936847 0.16561109022156018 0.0 0.0 0.0 1.0
74 0.9969563611936847 -0.031203120349166863 0.07144493793071019 -0.16783632382359992 0.03481448328257625 0.9981486067209822 -0.04987294511786455 -0.23317311892237513 -0.0697564737441253 0.052208468483931986 0.9961969233988568 -0.38033654902547265 0.0 0.0 0.0 1.0
75 0.9969563611936847 -0.06849897204055769 0.03722774106542756 -0.4748035978258206 0.06971397998507722 0.997041322825731 -0.03238150046796883 0.07077318467713123 -0.034899496702500976 0.03487823687206266 0.9987820251299123 -0.021791930339898125 0.0 0.0 0.0 1.0
76 0.9992386149554826 -0.033597806569516026 0.0198337534411986 -0.43268154517843216 0.03489418134011367 0.9969988484807274 -0.06910638347292569 0.10238616433293835 -0.01745240643728351 0.069745849495301 0.9974121164231597 -0.02999550402618567 0.0 0.0 0.0 1.0
77 0.9993908270190959 -0.034814483282576254 0.0024344658254111962 -0.32386750134262976 0.03489949670250097 0.9969563611936847 -0.06971397998507722 -0.42219297869815886 0.0 0.0697564737441253 0.9975640502598244 -0.0679903367368837 0.0 0.0 0.0 1.0
78 0.9961969233988566 -0.0688346860838513 0.05341793521271866 0.17128972797608877 0.06966087492121549 0.9974758311756818 -0.013759677525044148 -0.07033918287180851 -0.052335956242943835 0.017428488520812163 0.9984774386394599 0.08275352729616126 0.0 0.0 0.0 1.0
79 0.9980211966240684 -0.03489949670250097 0.05230407459247084 -0.1525306808331519 0.03485166815518733 0.9993908270190958 0.0018264985323228533 -0.04135622951937867 -0.052335956242943835 -2.168404344971009e-19 0.9986295347545739 0.49084507787743736 0.0 0.0 0.0 1.0
80 0.9969563611936846 -0.06913825298314946 0.03602659919955875 0.005885812496409737 0.06971397998507722 0.9974546037102026 -0.014975798207882784 -0.37047694518426166 -0.034899496702500976 0.01744177490283016 0.9992386149554826 -0.3519075100448621 0.0 0.0 0.0 1.0
81 0.9969563611936845 -0.06783882564751789 0.03841754300073461 0.32357763001438455 0.06971397998507722 0.9963243334957702 -0.04977733900932569 0.47621207475769933 -0.03489949670250097 0.052304074592470835 0.9980211966240683 0.14638803243320497 0.0 0.0 0.0 1.0
82 0.9975640502598244 -0.06971397998507722 0.0024344658254111962 -0.11015061108569757 0.0697564737441253 0.9969563611936847 -0.034814483282576254 -0.10437509386885824 0.0 0.03489949670250097 0.9993908270190959 -0.019583280793359248 0.0 0.0 0.0 1.0
83 0.9961969233988568 -0.06594467181901233 0.056947256907908424 0.11999417978442495 0.06966087492121549 0.9953886993350356 -0.06594467181901233 0.0009576152448513842 -0.05233595624294384 0.06966087492121549 0.9961969233988568 -0.4943267997825923 0.0 0.0 0.0 1.0
84 0.9951340343707853 -0.0660189962601951 0.07314195628858534 0.17736509638808173 0.06958655048003272 0.9964515883631071 -0.04734917149149742 0.3551888109105322 -0.06975647374412529 0.052208468483931986 0.9961969233988568 -0.02446540198292657 0.0 0.0 0.0 1.0
85 0.9984774386394599 -0.05099271858203016 0.021036805356262837 -0.17322488601418995 0.05232798522331313 0.9962606381513788 -0.06874971150976579 0.4402636306943386 -0.01745240643728351 0.06974584949530098 0.9974121164231596 -0.26789655248771527 0.0 0.0 0.0 1.0
86 0.9961969233988568 -0.06594467181901233 0.056947256907908424 -0.023447607261901426 0.06966087492121549 0.9953886993350356 -0.06594467181901233 0.30664654099098765 -0.05233595624294384 0.06966087492121549 0.9961969233988568 -0.22931040189021468 0.0 0.0 0.0 1.0
87 0.9975640502598243 -0.0697564737441253 0.0 -0.27596615994239104 0.0697564737441253 0.9975640502598243 0.0 -0.20550107199263923 0.0 0.0 1.0 0.2468152849187334 0.0 0.0 0.0 1.0
88 0.9969563611936847 -0.0697564737441253 0.034814483282576254 -0.21420479090974065 0.06971397998507722 0.9975640502598244 0.0024344658254111962 -0.04848989917297786 -0.03489949670250097 0.0 0.9993908270190959 -0.11930444808791696 0.0 0.0 0.0 1.0
89 0.9986295347545739 -0.052208468483931986 0.003650771757534602 0.45080037841502374 0.052335956242943835 0.9961969233988567 -0.06966087492121549 0.4107584516478523 0.0 0.06975647374412529 0.9975640502598243 0.01202543651252419 0.0 0.0 0.0 1.0
90 0.9992386149554827 -0.03458978039552187 0.01804819863694001 -0.49887521423000414 0.03489418134011368 0.9992492448707019 -0.016832787467786218 -0.3866051741386958 -0.01745240643728351 0.017449748351250485 0.999695413509548 0.1718664536115858 0.0 0.0 0.0 1.0
91 0.9974121164231597 -0.06910638347292569 0.0198337534411986 0.20781862229492898 0.069745849495301 0.9969988484807274 -0.03359780656951603 -0.14740767081441764 -0.01745240643728351 0.03489418134011368 0.9992386149554826 0.1424093258127307 0.0 0.0 0.0 1.0
92 0.9986295347545739 0.003650771757534602 0.052208468483931986 0.09813906194951583 0.0 0.9975640502598243 -0.06975647374412529 0.17195874394380184 -0.052335956242943835 0.06966087492121549 0.9961969233988567 0.39543333245045476 0.0 0.0 0.0 1.0
93 0.9974121164231596 -0.0687497115097658 0.021036805356262837 -0.4512689413564047 0.069745849495301 0.9962606381513788 -0.05099271858203016 0.45582183176398916 -0.01745240643728351 0.05232798522331313 0.9984774386394599 -0.28477252929604546 0.0 0.0 0.0 1.0
94 0.9992386149554827 -0.015602268173062631 0.03575974845695518 -0.3593043696630316 0.01744177490283016 0.9985093154342033 -0.05171973974565148 -0.3886689817625062 -0.03489949670250097 0.05230407459247085 0.9980211966240685 -0.2848432442091795 0.0 0.0 0.0 1.0
95 1.0 0.0 0.0 0.031793842416962814 0.0 0.9975640502598243 -0.0697564737441253 -0.02111466518646321 0.0 0.0697564737441253 0.9975640502598243 0.06079615143226147 0.0 0.0 0.0 1.0
96 0.9993908270190959 -0.034814483282576254 0.0024344658254111962 -0.47011499808144075 0.03489949670250097 0.9969563611936847 -0.06971397998507722 0.07694184425464057 0.0 0.0697564737441253 0.9975640502598244 -0.26437902912151223 0.0 0.0 0.0 1.0
97 1.0 0.0 0.0 0.4559753349551894 0.0 0.9975640502598243 -0.0697564737441253 0.0826025795188643 0.0 0.0697564737441253 0.9975640502598243 0.4833147442425031 0.0 0.0 0.0 1.0
98 0.9998476951563913 -0.01745240643728351 0.0 0.0168308805435734 0.01745240643728351 0.9998476951563913 0.0 -0.17632174690649638 0.0 0.0 1.0 -0.1136998420200731 0.0 0.0 0.0 1.0
99 0.9984774386394599 -0.01745240643728351 0.05232798522331314 -0.08478521514656145 0.017428488520812163 0.9998476951563912 0.0009133883796357411 0.22628062306250307 -0.052335956242943835 0.0 0.9986295347545738 0.08638012888294055 0.0 0.0 0.0 1.0
100 0.9961969233988566 -0.04987294511786455 0.07144493793071018 0.3121307838398534 0.052208468483931986 0.9981486067209819 -0.031203120349166856 0.170093361246075 -0.06975647374412529 0.03481448328257624 0.9969563611936845 -0.4180194264436904 0.0 0.0 0.0 1.0
