offset_left: 2178
offset_right: 1744
essential_matrix: [[ 3.95205310e-04 -2.87747351e-03  9.53231185e-03],
                   [-4.38619329e-04 -7.14130976e-04  7.07041993e-01],
                   [-9.79475565e-02  7.00283815e-01  6.85590638e-04]]