1 1.0 0.0 0.0 0.0 0.0 1.0 0.0 0.0 0.0 0.0 1.0 0.0 0.0 0.0 0.0 1.0
2 0.9980210922930242 -0.03349759684318873 0.0532147568252469 0.0029535490198967403 0.03623762289900148 0.9980210922930242 -0.051388072788038405 0.004409985941691841 -0.051388072788038405 0.0532147568252469 0.9972599739441873 0.002926178912819062 0.0 0.0 0.0 1.0
3 0.9980208410814777 -0.05170572638056265 0.03578992353272329 0.0030124388065946098 0.05292367033042252 0.9980208410814777 -0.03396300760793349 0.0021859182200264387 -0.03396300760793349 0.03578992353272329 0.9987820560501401 0.0005350961128699184 0.0 0.0 0.0 1.0
4 0.9992385531037223 -0.03489772475310592 0.01744886237655296 0.002322442123710583 0.03489772475310592 0.9993908424829778 0.00030457875851106484 0.001652148992311881 -0.01744886237655296 0.00030457875851106484 0.9998477106207445 0.002720777682386061 0.0 0.0 0.0 1.0
5 0.9951302027535716 -0.06908753950599512 0.07030498881760223 0.0018024181941039964 0.07030498881760223 0.9974129202128349 -0.014989167417235452 0.0030682335661261473 -0.06908753950599512 0.019858964663663888 0.9974129202128349 0.0039215201740603325 0.0 0.0 0.0 1.0
6 0.9986300913130284 0.0018265449159621382 0.0522934456485949 0.0002467828038800468 0.0018265449159621382 0.9975646067787172 -0.06972459419812653 0.004735015119241576 -0.0522934456485949 0.06972459419812653 0.9961946980917455 0.0009819185099761102 0.0 0.0 0.0 1.0
7 0.9986295347545738 -0.05233595624294383 0.0 0.004390575472851343 0.05233595624294383 0.9986295347545738 0.0 0.004134411598195295 0.0 0.0 1.0 0.001685972466168167 0.0 0.0 0.0 1.0
8 0.9992386304192077 -0.016836223083014093 0.035195185327612816 0.004150272494506752 0.018054414412281797 0.9992386304192077 -0.034586089662978964 0.002945682450024631 -0.034586089662978964 0.035195185327612816 0.9987818086707323 0.0038926908300894354 0.0 0.0 0.0 1.0
9 0.9975640502598242 0.0 0.0697564737441253 0.0003936895726317591 0.0 1.0 0.0 0.003990834936378079 -0.0697564737441253 0.0 0.9975640502598242 0.0002444154429992279 0.0 0.0 0.0 1.0
10 0.9975642976141129 0.0012178511929435308 0.06974230397781102 1.537170635489693e-05 0.0012178511929435308 0.9993910744035283 -0.03487115198890551 0.004695355003781825 -0.06974230397781102 0.03487115198890551 0.9969553720176412 0.0007725536296511082 0.0 0.0 0.0 1.0
11 0.9992385724331826 -0.017143405402117545 0.03504823837105255 4.9082750709834034e-05 0.017752547455571515 0.999695428973273 -0.017143405402117545 0.00400911957884298 -0.03474366734432557 0.017752547455571515 0.9992385724331826 0.003172573492813995 0.0 0.0 0.0 1.0
12 0.9969560676097461 -0.033028854724228854 0.07062360803383862 0.003526941383737581 0.03668157359253359 0.998021443946335 -0.05106524828147026 0.0008731425669854614 -0.06879724859968626 0.0535003941936734 0.9961950845121825 0.0017634723674332564 0.0 0.0 0.0 1.0
13 0.9975641121002803 -0.06975293114065678 0.0006089719749299348 0.0004340405476325676 0.06975293114065678 0.9974118691065478 -0.017438232785164196 0.0010810719726826435 0.0006089719749299348 0.017438232785164196 0.9998477570062675 0.003345703524287016 0.0 0.0 0.0 1.0
14 0.9980208410814777 -0.05170572638056265 0.03578992353272329 0.0027831091101293026 0.05292367033042252 0.9980208410814777 -0.03396300760793349 0.004915411733489109 -0.03396300760793349 0.03578992353272329 0.9987820560501401 0.003840061155031888 0.0 0.0 0.0 1.0
15 0.9951320570631669 -0.06720919248545566 0.07207713542228882 0.0038876466461854283 0.07207713542228882 0.9951320570631669 -0.06720919248545566 0.0019822659920097655 -0.06720919248545566 0.07207713542228882 0.9951320570631669 0.0014538364636558826 0.0 0.0 0.0 1.0
16 0.998021443946335 -0.05106524828147026 0.03668157359253359 0.003765281991818549 0.0535003941936734 0.9961950845121825 -0.06879724859968626 0.00028062343775209664 -0.033028854724228854 0.07062360803383862 0.9969560676097461 0.004292563099757306 0.0 0.0 0.0 1.0
17 0.9998476990225973 -0.01745152038161517 0.00015230097740270845 0.0012026183002980101 0.01745152038161517 0.9996953980451946 -0.01745152038161517 0.0021695340930155205 0.00015230097740270845 0.01745152038161517 0.9998476990225973 0.0016251182508582912 0.0 0.0 0.0 1.0
18 0.999238862327983 -0.016216870176283003 0.035478291040634255 0.00191632488317659 0.018652510726737605 0.997412131915142 -0.06943430673723439 0.001661178365626413 -0.03426047076540696 0.07004321687484805 0.9969554493119317 0.00024685446867622307 0.0 0.0 0.0 1.0
19 0.9961946980917455 -0.06972459419812653 0.0522934456485949 0.004262571516193028 0.06972459419812653 0.9975646067787172 0.0018265449159621382 0.0010682198924393538 -0.0522934456485949 0.0018265449159621382 0.9986300913130284 0.0046775621109363475 0.0 0.0 0.0 1.0
20 0.998021443946335 -0.05106524828147026 0.03668157359253359 0.004963893817649091 0.0535003941936734 0.9961950845121825 -0.06879724859968626 0.0025405355930831954 -0.033028854724228854 0.07062360803383862 0.9969560676097461 0.0011938788356154967 0.0 0.0 0.0 1.0
21 0.9984773381491904 -0.052178375100273844 0.017900345650361138 0.004703090289380081 0.052482907470435755 0.9984773381491904 -0.01698674853987539 0.0006806086939939071 -0.01698674853987539 0.017900345650361138 0.9996954676298381 0.0020662237368816038 0.0 0.0 0.0 1.0
22 0.9961950845121825 -0.06879724859968626 0.0535003941936734 0.0011124951322663652 0.07062360803383862 0.9969560676097461 -0.033028854724228854 0.002172286820726105 -0.05106524828147026 0.03668157359253359 0.998021443946335 0.00034144959830028135 0.0 0.0 0.0 1.0
23 0.9998476951563913 -0.01745240643728351 0.0 0.004705267774342455 0.01745240643728351 0.9998476951563913 0.0 0.0029918147749477698 0.0 0.0 1.0 0.001360913128175621 0.0 0.0 0.0 1.0
24 0.9975640502598242 -0.0697564737441253 0.0 0.002414595523263457 0.0697564737441253 0.9975640502598242 0.0 0.003759425127935936 0.0 0.0 1.0 0.0042000785412097995 0.0 0.0 0.0 1.0
25 0.9961955674935844 -0.06832312769048053 0.054095670147672116 0.0040979826397950034 0.07106231909509979 0.9961955674935844 -0.050443414941513116 0.0016072124866538962 -0.050443414941513116 0.054095670147672116 0.9972608085953808 0.0009972947938635896 0.0 0.0 0.0 1.0
26 0.9984776473608904 -0.05185267890139361 0.018806578939574145 0.00015859436939031523 0.052766090484859376 0.9972597652496027 -0.05185267890139361 0.0007159017725772204 -0.01606634418917685 0.052766090484859376 0.9984776473608904 0.002334372000228237 0.0 0.0 0.0 1.0
27 0.9974118691065478 -0.06975293114065678 0.017438232785164196 0.0019770205039822283 0.06975293114065678 0.9975641121002803 0.0006089719749299348 0.003590804944787565 -0.017438232785164196 0.0006089719749299348 0.9998477570062675 0.0002735667728768271 0.0 0.0 0.0 1.0
28 0.9975642976141129 0.0012178511929435308 0.06974230397781102 0.0033580987637901565 0.0012178511929435308 0.9993910744035283 -0.03487115198890551 0.003225376557980424 -0.06974230397781102 0.03487115198890551 0.9969553720176412 0.0007115665426667118 0.0 0.0 0.0 1.0
29 0.9986298478409578 0.001370152159042293 0.05231204148383734 0.00018204447306859883 0.001370152159042293 0.9986298478409578 -0.05231204148383734 0.0014693424111258968 -0.05231204148383734 0.05231204148383734 0.9972596956819154 0.004660602845845311 0.0 0.0 0.0 1.0
30 0.9969560676097461 -0.06879724859968626 0.03668157359253359 0.0024631739555634586 0.07062360803383862 0.9961950845121825 -0.05106524828147026 0.004427970141637782 -0.033028854724228854 0.0535003941936734 0.998021443946335 0.0023996705943320268 0.0 0.0 0.0 1.0
31 0.9974119348106979 -0.06959714951633397 0.018046303676409022 0.004665374551145746 0.06990162777389894 0.9974119348106979 -0.016828390646149206 0.001928293620516311 -0.016828390646149206 0.018046303676409022 0.999695521742435 0.0010844183534637576 0.0 0.0 0.0 1.0
32 0.9987818086707323 -0.034586089662978964 0.035195185327612816 0.004268099787061618 0.035195185327612816 0.9992386304192077 -0.016836223083014093 0.0033541205568786165 -0.034586089662978964 0.018054414412281797 0.9992386304192077 0.0005040340123231029 0.0 0.0 0.0 1.0
33 0.9986295347545738 0.0 0.05233595624294383 0.0029775748344801596 0.0 1.0 0.0 0.0013201706120924556 -0.05233595624294383 0.0 0.9986295347545738 0.002914350683858018 0.0 0.0 0.0 1.0
34 0.9961946980917455 -0.0522934456485949 0.06972459419812653 0.0008277031821667924 0.0522934456485949 0.9986300913130284 0.0018265449159621382 0.0034702390056397477 -0.06972459419812653 0.0018265449159621382 0.9975646067787172 0.0034795995804479517 0.0 0.0 0.0 1.0
35 0.9980210922930242 -0.051388072788038405 0.03623762289900148 0.0036773200043652425 0.0532147568252469 0.9972599739441873 -0.051388072788038405 0.0010760783043694971 -0.03349759684318873 0.0532147568252469 0.9980210922930242 0.004671485081046389 0.0 0.0 0.0 1.0
36 0.9975640502598242 -0.0697564737441253 0.0 0.0014598266354506723 0.0697564737441253 0.9975640502598242 0.0 0.004216858226184072 0.0 0.0 1.0 0.0010034892021784187 0.0 0.0 0.0 1.0
37 0.9961950845121825 -0.05106524828147026 0.07062360803383862 0.003045369818334981 0.0535003941936734 0.998021443946335 -0.033028854724228854 0.003960309254210879 -0.06879724859968626 0.03668157359253359 0.9969560676097461 0.004971851177545067 0.0 0.0 0.0 1.0
38 0.9980206903423048 -0.034425015870267736 0.052627178634249185 0.0005956082430115855 0.035338543404588585 0.9992387270547326 -0.016527362284393228 0.004059819740274617 -0.05201816027803529 0.018354417353034932 0.9984774541094652 0.000724802796806795 0.0 0.0 0.0 1.0
39 0.9980208410814777 -0.05170572638056265 0.03578992353272329 0.0018114759002085356 0.05292367033042252 0.9980208410814777 -0.03396300760793349 0.004214514383613726 -0.03396300760793349 0.03578992353272329 0.9987820560501401 0.00356740270686959 0.0 0.0 0.0 1.0
40 0.997412131915142 -0.016216870176283003 0.07004321687484805 0.002600436834400841 0.018652510726737605 0.999238862327983 -0.03426047076540696 0.0034553109566921496 -0.06943430673723439 0.035478291040634255 0.9969554493119317 0.0012716804530939153 0.0 0.0 0.0 1.0
41 0.9993908270190958 -0.03489949670250097 0.0 0.004322029395125025 0.03489949670250097 0.9993908270190958 0.0 0.000973963280865523 0.0 0.0 1.0 0.0036496515154770637 0.0 0.0 0.0 1.0
42 0.9951300791128439 -0.06969980503869781 0.06969980503869781 0.0023419762200571985 0.06969980503869781 0.997565039556422 0.0024349604435780496 0.004609474264727419 -0.06969980503869781 0.0024349604435780496 0.997565039556422 0.0009143084798253343 0.0 0.0 0.0 1.0
43 0.9984776473608904 -0.05185267890139361 0.018806578939574145 7.988421950556213e-05 0.052766090484859376 0.9972597652496027 -0.05185267890139361 0.0023383795255259797 -0.01606634418917685 0.052766090484859376 0.9984776473608904 0.003294468534820534 0.0 0.0 0.0 1.0
44 0.9984779178799191 -0.051681956576413106 0.01925676168557885 0.0009729657553510052 0.05289962227247779 0.9961947946997979 -0.069264427929903 0.004002952338391383 -0.015603764597384783 0.07017767720195153 0.9974124603958625 0.001908028329347598 0.0 0.0 0.0 1.0
45 0.9975642976141129 0.0012178511929435308 0.06974230397781102 0.0015680761529639653 0.0012178511929435308 0.9993910744035283 -0.03487115198890551 1.1784754645626227e-05 -0.06974230397781102 0.03487115198890551 0.9969553720176412 0.0025501922712658164 0.0 0.0 0.0 1.0
46 0.9980206903423048 -0.05201816027803529 0.035338543404588585 0.0032546249577170734 0.052627178634249185 0.9984774541094652 -0.016527362284393228 0.0009786388352863902 -0.034425015870267736 0.018354417353034932 0.9992387270547326 0.0025604090379277833 0.0 0.0 0.0 1.0
47 0.9951300791128439 -0.06969980503869781 0.06969980503869781 0.0003666277303600446 0.06969980503869781 0.997565039556422 0.0024349604435780496 0.002015199683138198 -0.06969980503869781 0.0024349604435780496 0.997565039556422 0.003483632997398126 0.0 0.0 0.0 1.0
48 0.9974118691065478 -0.06975293114065678 0.017438232785164196 0.002968794751513804 0.06975293114065678 0.9975641121002803 0.0006089719749299348 0.002375173328606036 -0.017438232785164196 0.0006089719749299348 0.9998477570062675 0.0016380497402564338 0.0 0.0 0.0 1.0
49 0.9998477106207445 0.00030457875851106484 0.01744886237655296 0.0030990360236116433 0.00030457875851106484 0.9993908424829778 -0.03489772475310592 0.0028027532483316385 -0.01744886237655296 0.03489772475310592 0.9992385531037223 0.0014429036117079286 0.0 0.0 0.0 1.0
50 0.9974119348106979 -0.06959714951633397 0.018046303676409022 0.0027613076452092707 0.06990162777389894 0.9974119348106979 -0.016828390646149206 0.0019409407758202142 -0.016828390646149206 0.018046303676409022 0.999695521742435 0.0027147583617083432 0.0 0.0 0.0 1.0
51 0.9969566085379296 -0.03240810791956151 0.07090299876326381 0.00093877133111328 0.03727753425887414 0.9969566085379296 -0.06846828559360749 0.0003860724083250106 -0.06846828559360749 0.07090299876326381 0.9951305736606874 0.0010415027089928919 0.0 0.0 0.0 1.0
52 0.9969566085379296 -0.06846828559360749 0.03727753425887414 0.0020716210788576162 0.07090299876326381 0.9951305736606874 -0.06846828559360749 0.0015616343791290022 -0.03240810791956151 0.07090299876326381 0.9969566085379296 0.003945194655275891 0.0 0.0 0.0 1.0
53 0.9998476951563913 0.0 0.01745240643728351 0.002511036104483745 0.0 1.0 0.0 0.00299934874835947 -0.01745240643728351 0.0 0.9998476951563913 0.0040258611289093514 0.0 0.0 0.0 1.0
54 0.9961950845121825 -0.06879724859968626 0.0535003941936734 0.004963419950498514 0.07062360803383862 0.9969560676097461 -0.033028854724228854 0.002493747493222372 -0.05106524828147026 0.03668157359253359 0.998021443946335 0.004910041991719118 0.0 0.0 0.0 1.0
55 0.9972596956819154 -0.05231204148383734 0.05231204148383734 0.0010073853263167392 0.05231204148383734 0.9986298478409578 0.001370152159042293 0.0033962451894950776 -0.05231204148383734 0.001370152159042293 0.9986298478409578 0.0038513961814743364 0.0 0.0 0.0 1.0
56 0.9974119348106979 -0.06959714951633397 0.018046303676409022 0.001583044101170631 0.06990162777389894 0.9974119348106979 -0.016828390646149206 0.004076788026385803 -0.016828390646149206 0.018046303676409022 0.999695521742435 0.0017430438136513838 0.0 0.0 0.0 1.0
57 0.9969554493119317 -0.03426047076540696 0.07004321687484805 0.00045637162926891964 0.035478291040634255 0.999238862327983 -0.016216870176283003 0.0037839527309508915 -0.06943430673723439 0.018652510726737605 0.997412131915142 0.0008310159645441895 0.0 0.0 0.0 1.0
58 0.9951311917889933 -0.06784213795134347 0.0714937441095985 0.0039634541673805234 0.0714937441095985 0.996196243585151 -0.04981655166734989 0.002721758325814976 -0.06784213795134347 0.05468535987835658 0.996196243585151 0.000422718169298108 0.0 0.0 0.0 1.0
59 0.9984773381491904 -0.01698674853987539 0.052482907470435755 1.1306897121557968e-05 0.017900345650361138 0.9996954676298381 -0.01698674853987539 0.00407543717059518 -0.052178375100273844 0.017900345650361138 0.9984773381491904 0.00426296346433496 0.0 0.0 0.0 1.0
60 0.9975646067787172 0.0018265449159621382 0.06972459419812653 0.00022775078098739187 0.0018265449159621382 0.9986300913130284 -0.0522934456485949 0.004207332423639797 -0.06972459419812653 0.0522934456485949 0.9961946980917455 0.00033926856922088467 0.0 0.0 0.0 1.0
61 0.9969556811853848 -0.03364634044327154 0.07033699970115825 0.0022144812725814035 0.03608179549496368 0.998782272474154 -0.03364634044327154 0.002152673557779762 -0.06911927217531219 0.03608179549496368 0.9969556811853848 0.004696932324889645 0.0 0.0 0.0 1.0
62 0.9969554493119317 -0.03426047076540696 0.07004321687484805 4.604093097309303e-05 0.035478291040634255 0.999238862327983 -0.016216870176283003 0.004754269317875848 -0.06943430673723439 0.018652510726737605 0.997412131915142 0.001415444688334484 0.0 0.0 0.0 1.0
63 0.9984773381491904 -0.052178375100273844 0.017900345650361138 0.0009986911619867893 0.052482907470435755 0.9984773381491904 -0.01698674853987539 0.0025507865500006667 -0.01698674853987539 0.017900345650361138 0.9996954676298381 0.004965856199067429 0.0 0.0 0.0 1.0
64 0.9961950845121825 -0.05106524828147026 0.07062360803383862 0.0027265506417773755 0.0535003941936734 0.998021443946335 -0.033028854724228854 0.00021241543682660958 -0.06879724859968626 0.03668157359253359 0.9969560676097461 0.0014738045295028329 0.0 0.0 0.0 1.0
65 0.9987819014427203 -0.034276273340024324 0.035494371897304006 0.003337607624520097 0.035494371897304006 0.9987819014427203 -0.034276273340024324 0.0008280827887043857 -0.034276273340024324 0.035494371897304006 0.9987819014427203 0.004875024611610121 0.0 0.0 0.0 1.0
66 1.0 0.0 0.0 0.0033422073217920555 0.0 1.0 0.0 0.0011011381066103744 0.0 0.0 1.0 0.0025984049771209106 0.0 0.0 0.0 1.0
67 0.9992386304192077 -0.034586089662978964 0.018054414412281797 0.0034061246548913117 0.035195185327612816 0.9987818086707323 -0.034586089662978964 0.0028159269929996732 -0.016836223083014093 0.035195185327612816 0.9992386304192077 0.0016776113236099044 0.0 0.0 0.0 1.0
68 0.9992385724331826 -0.017143405402117545 0.03504823837105255 0.0020964493888686914 0.017752547455571515 0.999695428973273 -0.017143405402117545 0.0038643174530686338 -0.03474366734432557 0.017752547455571515 0.9992385724331826 0.0009708958649257193 0.0 0.0 0.0 1.0
69 0.9975641121002803 -0.06975293114065678 0.0006089719749299348 0.004887497572044145 0.06975293114065678 0.9974118691065478 -0.017438232785164196 0.004178317490819143 0.0006089719749299348 0.017438232785164196 0.9998477570062675 0.0016676675785580863 0.0 0.0 0.0 1.0
70 0.997412131915142 -0.06943430673723439 0.018652510726737605 0.003695296015254609 0.07004321687484805 0.9969554493119317 -0.03426047076540696 0.0031728962328682166 -0.016216870176283003 0.035478291040634255 0.999238862327983 0.0008521115462142792 0.0 0.0 0.0 1.0
71 0.9987818086707323 -0.034586089662978964 0.035195185327612816 0.002604031552848093 0.035195185327612816 0.9992386304192077 -0.016836223083014093 0.0033404950870921674 -0.034586089662978964 0.018054414412281797 0.9992386304192077 0.0024514947401366345 0.0 0.0 0.0 1.0
72 0.9974124603958625 -0.069264427929903 0.01925676168557885 0.0005211989766816139 0.07017767720195153 0.9961947946997979 -0.051681956576413106 0.0042017370716810115 -0.015603764597384783 0.05289962227247779 0.9984779178799191 0.0018639098429014717 0.0 0.0 0.0 1.0
73 0.9969554493119317 -0.06943430673723439 0.035478291040634255 0.0037716382999735854 0.07004321687484805 0.997412131915142 -0.016216870176283003 0.0010688308590708735 -0.03426047076540696 0.018652510726737605 0.999238862327983 0.001922969448382506 0.0 0.0 0.0 1.0
74 0.9998476990225973 -0.01745152038161517 0.00015230097740270845 0.0034119523190331196 0.01745152038161517 0.9996953980451946 -0.01745152038161517 0.0012040250271178477 0.00015230097740270845 0.01745152038161517 0.9998476990225973 0.0003134932795275558 0.0 0.0 0.0 1.0
75 0.9998477570062675 0.0006089719749299348 0.017438232785164196 0.00441010568796793 0.0006089719749299348 0.9975641121002803 -0.06975293114065678 0.0034382290992125224 -0.017438232785164196 0.06975293114065678 0.9974118691065478 0.004444187956449623 0.0 0.0 0.0 1.0
76 0.9986295347545738 0.0 0.05233595624294383 0.0023421620364352303 0.0 1.0 0.0 0.0009623094303717372 -0.05233595624294383 0.0 0.9986295347545738 0.004943818521192626 0.0 0.0 0.0 1.0
77 0.9992386304192077 -0.034586089662978964 0.018054414412281797 0.002441629219640526 0.035195185327612816 0.9987818086707323 -0.034586089662978964 0.004746608131873296 -0.016836223083014093 0.035195185327612816 0.9992386304192077 0.003917098888825172 0.0 0.0 0.0 1.0
78 0.9969554493119317 -0.03426047076540696 0.07004321687484805 0.004985248722700319 0.035478291040634255 0.999238862327983 -0.016216870176283003 0.004401758111809801 -0.06943430673723439 0.018652510726737605 0.997412131915142 0.0002308196700978815 0.0 0.0 0.0 1.0
79 1.0 0.0 0.0 0.0011104921890231813 0.0 0.9993908270190958 -0.03489949670250097 0.0019839556869716826 0.0 0.03489949670250097 0.9993908270190958 0.001722948031215073 0.0 0.0 0.0 1.0
80 0.9996954057774498 -0.01729833724166259 0.017602931464212802 0.0027777990515248712 0.017602931464212802 0.9996954057774498 -0.01729833724166259 0.004361024960897797 -0.01729833724166259 0.017602931464212802 0.9996954057774498 0.0027476669391185856 0.0 0.0 0.0 1.0
81 0.9986300913130284 0.0018265449159621382 0.0522934456485949 0.002645873731524098 0.0018265449159621382 0.9975646067787172 -0.06972459419812653 0.00274671706403897 -0.0522934456485949 0.06972459419812653 0.9961946980917455 0.0035744410789078623 0.0 0.0 0.0 1.0
82 0.9975640502598242 -0.0697564737441253 0.0 0.0032545194857105794 0.0697564737441253 0.9975640502598242 0.0 0.0036486721842587094 0.0 0.0 1.0 0.0023586879553607653 0.0 0.0 0.0 1.0
83 0.999238862327983 -0.016216870176283003 0.035478291040634255 4.671452102944451e-05 0.018652510726737605 0.997412131915142 -0.06943430673723439 0.0025806307154974425 -0.03426047076540696 0.07004321687484805 0.9969554493119317 0.003344368766714601 0.0 0.0 0.0 1.0
84 1.0 0.0 0.0 0.0004391862997360424 0.0 1.0 0.0 0.003070907290061972 0.0 0.0 1.0 0.0030035193561685283 0.0 0.0 0.0 1.0
85 0.9972599739441873 -0.051388072788038405 0.0532147568252469 0.002936373850798683 0.0532147568252469 0.9980210922930242 -0.03349759684318873 0.002956808423165739 -0.051388072788038405 0.03623762289900148 0.9980210922930242 0.0041982783288778 0.0 0.0 0.0 1.0
86 0.9984774541094652 -0.05201816027803529 0.018354417353034932 0.0028718155307780836 0.052627178634249185 0.9980206903423048 -0.034425015870267736 0.0019138899804962324 -0.016527362284393228 0.035338543404588585 0.9992387270547326 0.0004336032593822914 0.0 0.0 0.0 1.0
87 0.9986300913130284 -0.0522934456485949 0.0018265449159621382 0.004404956358156528 0.0522934456485949 0.9961946980917455 -0.06972459419812653 0.0047678304000446665 0.0018265449159621382 0.06972459419812653 0.9975646067787172 0.0036412334326038753 0.0 0.0 0.0 1.0
88 0.9961955674935844 -0.050443414941513116 0.07106231909509979 0.002190195489275958 0.054095670147672116 0.9972608085953808 -0.050443414941513116 0.00443049048816281 -0.06832312769048053 0.054095670147672116 0.9961955674935844 0.004400509765243273 0.0 0.0 0.0 1.0
89 0.9992385724331826 -0.017143405402117545 0.03504823837105255 0.0049687876098203085 0.017752547455571515 0.999695428973273 -0.017143405402117545 0.002309745243650822 -0.03474366734432557 0.017752547455571515 0.9992385724331826 0.004748549061974684 0.0 0.0 0.0 1.0
90 0.9993910744035283 -0.03487115198890551 0.0012178511929435308 0.004674774282018869 0.03487115198890551 0.9969553720176412 -0.06974230397781102 0.0009048863931124735 0.0012178511929435308 0.06974230397781102 0.9975642976141129 0.002889606900816653 0.0 0.0 0.0 1.0
91 0.9975641121002803 0.0006089719749299348 0.06975293114065678 0.0047192162993546635 0.0006089719749299348 0.9998477570062675 -0.017438232785164196 0.0007401804276358526 -0.06975293114065678 0.017438232785164196 0.9974118691065478 0.0018199399765518342 0.0 0.0 0.0 1.0
92 0.9980210922930242 -0.03349759684318873 0.0532147568252469 0.004609293411482934 0.03623762289900148 0.9980210922930242 -0.051388072788038405 0.002302990889224237 -0.051388072788038405 0.0532147568252469 0.9972599739441873 0.003981403289182995 0.0 0.0 0.0 1.0
93 0.9975646067787172 -0.06972459419812653 0.0018265449159621382 0.0031114711720022694 0.06972459419812653 0.9961946980917455 -0.0522934456485949 0.0020219409438601023 0.0018265449159621382 0.0522934456485949 0.9986300913130284 0.0012489089125706971 0.0 0.0 0.0 1.0
94 0.9974118691065478 -0.06975293114065678 0.017438232785164196 0.004686440117125716 0.06975293114065678 0.9975641121002803 0.0006089719749299348 0.004896733262130717 -0.017438232785164196 0.0006089719749299348 0.9998477570062675 0.003262195343844006 0.0 0.0 0.0 1.0
95 0.9984779178799191 -0.015603764597384783 0.05289962227247779 0.00014835247090171755 0.01925676168557885 0.9974124603958625 -0.069264427929903 0.004647537437888131 -0.051681956576413106 0.07017767720195153 0.9961947946997979 0.0024100956580609323 0.0 0.0 0.0 1.0
96 0.9969556811853848 -0.03364634044327154 0.07033699970115825 0.0030351872374661877 0.03608179549496368 0.998782272474154 -0.03364634044327154 0.0039893274164900985 -0.06911927217531219 0.03608179549496368 0.9969556811853848 0.0033712013430456335 0.0 0.0 0.0 1.0
97 0.9998477299494195 -0.017444432907890026 0.00045681015174138247 0.0007964301802621443 0.017444432907890026 0.9984772994941954 -0.052333298723670076 0.004232222053458185 0.00045681015174138247 0.052333298723670076 0.9986295695447759 0.004899281477274391 0.0 0.0 0.0 1.0
98 0.9998476951563913 0.0 0.01745240643728351 0.001656491279556443 0.0 1.0 0.0 0.00025237953458025485 -0.01745240643728351 0.0 0.9998476951563913 0.002213337527723747 0.0 0.0 0.0 1.0
99 0.9993908270190958 0.0 0.03489949670250097 0.004390707451612106 0.0 1.0 0.0 0.0018303304661513764 -0.03489949670250097 0.0 0.9993908270190958 0.0025516374047661245 0.0 0.0 0.0 1.0
100 0.9987818086707323 -0.034586089662978964 0.035195185327612816 0.0006460058325151519 0.035195185327612816 0.9992386304192077 -0.016836223083014093 0.0030772275598734303 -0.034586089662978964 0.018054414412281797 0.9992386304192077 0.0034987794304243832 0.0 0.0 0.0 1.0
