1 0.9974121164231599 -0.013778272793499144 0.07056365361219072 0.0007171455339349065 0.01740989325235717 0.9985411533919824 -0.05111223532141132 0.004495801686467106 -0.0697564737441253 0.052208468483931986 0.9961969233988568 0.003363870557900197 0.0 0.0 0.0 1.0
2 0.9984774386394599 -0.05099271858203016 0.021036805356262837 0.003457948091882941 0.05232798522331313 0.9962606381513788 -0.06874971150976579 0.0016878667281872563 -0.01745240643728351 0.06974584949530098 0.9974121164231596 0.004392218406344219 0.0 0.0 0.0 1.0
3 0.9972609476841365 -0.052335956242943835 0.052264231633826735 0.0019269566111923904 0.052264231633826735 0.9986295347545737 0.0027390523158633317 0.002240078634444892 -0.052335956242943835 2.168404344971009e-19 0.9986295347545737 0.004712400434901444 0.0 0.0 0.0 1.0
4 0.9972609476841365 -0.051415848610707256 0.053169659917837155 0.0015301749339608395 0.05226423163382673 0.9985252416937292 -0.014689853375883433 0.0023353279239184117 -0.05233595624294383 0.01742848852081216 0.9984774386394598 0.0031772872650647787 0.0 0.0 0.0 1.0
5 0.9975640502598243 -0.06966087492121549 0.003650771757534602 0.0027531109504941114 0.06975647374412529 0.9961969233988567 -0.052208468483931986 0.001385695326678138 0.0 0.052335956242943835 0.9986295347545739 0.0023298639264059656 0.0 0.0 0.0 1.0
6 0.9951340343707852 -0.06853139673375493 0.07079337044275874 0.0022328794006760684 0.06958655048003272 0.9974970392330306 -0.012544668733276493 0.0014598326093053083 -0.06975647374412527 0.017409893252357173 0.9974121164231597 0.002005361835690274 0.0 0.0 0.0 1.0
7 0.9961969233988566 -0.04987294511786455 0.07144493793071018 0.004804776755657015 0.052208468483931986 0.9981486067209819 -0.031203120349166856 0.00024512700090580043 -0.06975647374412529 0.03481448328257624 0.9969563611936845 0.00023271432498610578 0.0 0.0 0.0 1.0
8 0.9975640502598243 0.0012174183314141707 0.069745849495301 0.003694054727991561 0.0 0.9998476951563913 -0.01745240643728351 0.002463588422926974 -0.0697564737441253 0.017409893252357173 0.9974121164231597 0.0048899851121176705 0.0 0.0 0.0 1.0
9 0.9975640502598243 -0.06966087492121549 0.003650771757534602 0.0014531888205027539 0.06975647374412529 0.9961969233988567 -0.052208468483931986 0.0012717883577814798 0.0 0.052335956242943835 0.9986295347545739 0.0036862009015452965 0.0 0.0 0.0 1.0
10 0.9992386149554826 -0.014975798207882784 0.036026599199558744 0.001826298433171964 0.017441774902830158 0.9974546037102026 -0.06913825298314946 0.0019620428127522594 -0.03489949670250097 0.06971397998507722 0.9969563611936846 0.0018860133021189297 0.0 0.0 0.0 1.0
11 0.9951340343707853 -0.0660189962601951 0.07314195628858534 0.0016137504194421149 0.06958655048003272 0.9964515883631071 -0.04734917149149742 0.0029642995410244133 -0.06975647374412529 0.052208468483931986 0.9961969233988568 0.0015486448951649839 0.0 0.0 0.0 1.0
12 0.9961969233988566 -0.04987294511786455 0.07144493793071018 0.001989745392260713 0.052208468483931986 0.9981486067209819 -0.031203120349166856 0.004753949036814606 -0.06975647374412529 0.03481448328257624 0.9969563611936845 0.0011252820860890472 0.0 0.0 0.0 1.0
13 0.9986295347545738 -0.05232798522331314 0.0009133883796357411 0.0024254808766755232 0.052335956242943835 0.9984774386394599 -0.017428488520812163 0.00041347735827153954 0.0 0.01745240643728351 0.9998476951563912 0.0003316551641917387 0.0 0.0 0.0 1.0
14 0.9986295347545739 -0.052208468483931986 0.003650771757534602 0.0034733114063292677 0.052335956242943835 0.9961969233988567 -0.06966087492121549 0.0047481713108460276 0.0 0.06975647374412529 0.9975640502598243 0.003284629571883502 0.0 0.0 0.0 1.0
15 0.9975640502598244 0.004865965629214842 0.06958655048003273 0.0020339510965120874 0.0 0.9975640502598244 -0.0697564737441253 0.003806363819206 -0.0697564737441253 0.06958655048003273 0.9951340343707853 8.889536007311571e-05 0.0 0.0 0.0 1.0
16 0.9993908270190959 -0.03487823687206265 0.001217974870087876 0.00167723528271696 0.034899496702500976 0.9987820251299122 -0.03487823687206265 0.0009656530245785111 0.0 0.034899496702500976 0.9993908270190959 0.000567732883431657 0.0 0.0 0.0 1.0
17 0.9993908270190959 0.0024344658254111962 0.034814483282576254 0.003942878127930821 0.0 0.9975640502598244 -0.0697564737441253 0.0004994935980522719 -0.03489949670250097 0.06971397998507722 0.9969563611936847 0.0022547772119248144 0.0 0.0 0.0 1.0
18 0.9992386149554827 -0.015602268173062631 0.03575974845695518 0.0007241051957810829 0.01744177490283016 0.9985093154342033 -0.05171973974565148 0.003916312605447066 -0.03489949670250097 0.05230407459247085 0.9980211966240685 0.0003494086888723058 0.0 0.0 0.0 1.0
19 0.9993908270190958 0.0 0.03489949670250097 0.004816103829449681 0.0 1.0 0.0 0.002135243569343044 -0.03489949670250097 0.0 0.9993908270190958 0.0008068151291697179 0.0 0.0 0.0 1.0
20 0.9975640502598243 0.0012174183314141707 0.069745849495301 0.0017996158872083713 0.0 0.9998476951563913 -0.01745240643728351 0.002248233981263916 -0.0697564737441253 0.017409893252357173 0.9974121164231597 0.004177793673936067 0.0 0.0 0.0 1.0
21 0.9996954135095478 -0.01619266033965157 0.0186246599727023 0.001438476530223754 0.01744974835125048 0.9974333633026837 -0.06944200496223113 0.0005021481202226347 -0.017452406437283515 0.069745849495301 0.9974121164231596 0.0047013630881269945 0.0 0.0 0.0 1.0
22 1.0 0.0 0.0 0.003188855269231974 0.0 1.0 0.0 0.00012493473287881752 0.0 0.0 1.0 0.0003145797469903161 0.0 0.0 0.0 1.0
23 0.9986295347545739 -0.05230407459247084 0.0018264985323228533 2.53647145082303e-05 0.052335956242943835 0.9980211966240684 -0.03485166815518733 0.001979838842665209 -2.168404344971009e-19 0.03489949670250097 0.9993908270190958 0.004509803818429719 0.0 0.0 0.0 1.0
24 0.9980211966240685 -0.033981349371999876 0.05290518862947863 0.004500766167066325 0.03485166815518733 0.9992704917502259 -0.015615554555080624 0.004419007703043475 -0.05233595624294385 0.017428488520812163 0.9984774386394601 0.003706136791892754 0.0 0.0 0.0 1.0
25 0.9969563611936847 -0.0697564737441253 0.034814483282576254 0.0010369341951484178 0.06971397998507722 0.9975640502598244 0.0024344658254111962 0.0011600337131688204 -0.03489949670250097 0.0 0.9993908270190959 0.004728299255553895 0.0 0.0 0.0 1.0
26 0.9974121164231599 -0.06944200496223116 0.0186246599727023 0.002232180437226416 0.06974584949530102 0.997433363302684 -0.016192660339651572 0.0015926608457303127 -0.017452406437283515 0.017449748351250485 0.999695413509548 0.0028800454263237674 0.0 0.0 0.0 1.0
27 0.9992386149554827 -0.016223985536214392 0.03548200494855918 0.0007534527867533031 0.01744177490283016 0.9992598715479458 -0.034285472174406584 0.002763409375196868 -0.03489949670250097 0.03487823687206265 0.9987820251299122 0.0021591585768001393 0.0 0.0 0.0 1.0
28 0.9993908270190958 -0.03489949670250097 0.0 0.004370542101427501 0.03489949670250097 0.9993908270190958 0.0 0.0027594752293628746 0.0 0.0 1.0 0.001354469248646047 0.0 0.0 0.0 1.0
29 0.9992386149554826 -0.014975798207882784 0.036026599199558744 0.004253723934205701 0.017441774902830158 0.9974546037102026 -0.06913825298314946 0.0031987483228883753 -0.03489949670250097 0.06971397998507722 0.9969563611936846 0.002992043595862577 0.0 0.0 0.0 1.0
30 0.9987820251299122 -0.034285472174406584 0.03548200494855919 0.003594017023300557 0.03487823687206265 0.9992598715479458 -0.016223985536214392 0.00021700974188139266 -0.034899496702500976 0.01744177490283016 0.9992386149554827 0.00048494497026285277 0.0 0.0 0.0 1.0
31 0.9986295347545738 -0.052335956242943835 0.0 0.0035034847317504006 0.052335956242943835 0.9986295347545738 0.0 0.003955931556151297 0.0 0.0 0.9999999999999999 0.0033853321322528176 0.0 0.0 0.0 1.0
32 0.9993908270190958 -0.03489949670250097 0.0 0.0008884467507021498 0.03489949670250097 0.9993908270190958 0.0 0.001489114846823958 0.0 0.0 1.0 0.004564149291980603 0.0 0.0 0.0 1.0
33 0.9998476951563913 -0.017449748351250488 0.000304586490452135 0.0030781150141177137 0.01745240643728351 0.9996954135095479 -0.017449748351250488 0.0007665721672312715 -2.710505431213761e-20 0.01745240643728351 0.9998476951563913 0.0013947611225302349 0.0 0.0 0.0 1.0
34 1.0 0.0 0.0 0.0004542704045345303 0.0 0.9993908270190958 -0.03489949670250097 0.0013609202923416696 0.0 0.03489949670250097 0.9993908270190958 0.000654032262831849 0.0 0.0 0.0 1.0
35 0.9974121164231599 -0.06944200496223116 0.0186246599727023 0.00423533587328359 0.06974584949530102 0.997433363302684 -0.016192660339651572 0.004968664869153557 -0.017452406437283515 0.017449748351250485 0.999695413509548 0.0037284482556731876 0.0 0.0 0.0 1.0
36 0.9987820251299122 -0.034285472174406584 0.03548200494855919 0.0015007086999459746 0.03487823687206265 0.9992598715479458 -0.016223985536214392 0.004836553710212486 -0.034899496702500976 0.01744177490283016 0.9992386149554827 0.0012799160318939418 0.0 0.0 0.0 1.0
37 0.9961969233988568 -0.06594467181901233 0.056947256907908424 0.0021064240852509074 0.06966087492121549 0.9953886993350356 -0.06594467181901233 0.0004418850696909377 -0.05233595624294384 0.06966087492121549 0.9961969233988568 0.003569501311093082 0.0 0.0 0.0 1.0
38 0.9986295347545739 0.003650771757534602 0.052208468483931986 0.004899346519138672 0.0 0.9975640502598243 -0.06975647374412529 0.001512984965621772 -0.052335956242943835 0.06966087492121549 0.9961969233988567 0.0038868364264840445 0.0 0.0 0.0 1.0
39 0.9986295347545737 -0.052264231633826735 0.0027390523158633317 0.0024382734583443914 0.052335956242943835 0.9972609476841365 -0.052264231633826735 0.002018475564487864 2.168404344971009e-19 0.052335956242943835 0.9986295347545737 0.001982664636512155 0.0 0.0 0.0 1.0
40 0.9999999999999999 0.0 0.0 0.004958095271705375 0.0 0.9986295347545738 -0.052335956242943835 0.004304656202675845 0.0 0.052335956242943835 0.9986295347545738 0.0037867915303851337 0.0 0.0 0.0 1.0
41 0.9996954135095478 -0.01619266033965157 0.0186246599727023 0.0036752145314109183 0.01744974835125048 0.9974333633026837 -0.06944200496223113 0.0049196380635314505 -0.017452406437283515 0.069745849495301 0.9974121164231596 0.004961997741689396 0.0 0.0 0.0 1.0
42 0.9984774386394599 -0.052335956242943835 0.017428488520812163 7.346126116324014e-05 0.05232798522331314 0.9986295347545738 0.0009133883796357411 0.004289785997655633 -0.01745240643728351 0.0 0.9998476951563912 0.004911830560155483 0.0 0.0 0.0 1.0
43 0.9975640502598244 0.004865965629214842 0.06958655048003273 0.004280388185933218 0.0 0.9975640502598244 -0.0697564737441253 0.0004667563430568239 -0.0697564737441253 0.06958655048003273 0.9951340343707853 0.0005673016191718811 0.0 0.0 0.0 1.0
44 0.9986295347545738 0.0009133883796357411 0.05232798522331314 0.0015078068354450397 0.0 0.9998476951563912 -0.01745240643728351 0.0039717401185457996 -0.052335956242943835 0.017428488520812163 0.9984774386394599 0.0027104114105198454 0.0 0.0 0.0 1.0
45 0.9974121164231597 -0.0697564737441253 0.017409893252357173 0.0024460114614229863 0.069745849495301 0.9975640502598243 0.0012174183314141707 0.003825550354701825 -0.01745240643728351 0.0 0.9998476951563913 0.00032089167466982485 0.0 0.0 0.0 1.0
46 0.9999999999999999 0.0 0.0 1.322290978447438e-05 0.0 0.9986295347545738 -0.052335956242943835 0.00020326260673534657 0.0 0.052335956242943835 0.9986295347545738 8.682936656478401e-05 0.0 0.0 0.0 1.0
47 0.9984774386394599 -0.016536499085089057 0.05262460190815948 0.0034787465411950614 0.017428488520812163 0.9997113543347843 -0.016536499085089057 0.0015182442664250606 -0.05233595624294384 0.017428488520812163 0.9984774386394599 0.003498890126266739 0.0 0.0 0.0 1.0
48 0.9993908270190958 0.0006090802009086826 0.03489418134011368 0.003114923747203452 0.0 0.9998476951563913 -0.01745240643728351 0.001242738788118587 -0.03489949670250097 0.017441774902830158 0.9992386149554826 0.00347171660871484 0.0 0.0 0.0 1.0
49 0.9961969233988568 -0.04734917149149742 0.07314195628858536 0.002458803518087564 0.052208468483931986 0.9964515883631071 -0.06601899626019511 0.0038787973022011177 -0.0697564737441253 0.06958655048003273 0.9951340343707853 0.0010639956445431071 0.0 0.0 0.0 1.0
50 0.9972609476841364 -0.04856269998221006 0.05578769034989243 0.002528822951261673 0.05226423163382673 0.9963879900298117 -0.0669284947991293 0.004461900074147207 -0.05233595624294383 0.06966087492121548 0.9961969233988565 0.00041249548650901415 0.0 0.0 0.0 1.0
51 0.9969563611936847 -0.031203120349166863 0.07144493793071019 0.0007705458780709857 0.03481448328257625 0.9981486067209822 -0.04987294511786455 0.00391187048579511 -0.0697564737441253 0.052208468483931986 0.9961969233988568 0.00028148920462137405 0.0 0.0 0.0 1.0
52 0.9969563611936847 -0.031203120349166863 0.07144493793071019 0.0021386209863716987 0.03481448328257625 0.9981486067209822 -0.04987294511786455 0.0036096282562938075 -0.0697564737441253 0.052208468483931986 0.9961969233988568 0.0025832970565862444 0.0 0.0 0.0 1.0
53 0.9993908270190958 0.0 0.03489949670250097 0.0035625882924418457 0.0 1.0 0.0 0.004412536530386006 -0.03489949670250097 0.0 0.9993908270190958 0.004701700698941748 0.0 0.0 0.0 1.0
54 0.9980211966240684 -0.0321142843959881 0.05405889220837054 0.0013824326676184068 0.03485166815518733 0.9981167881713339 -0.05048007921290736 0.0032638771913687486 -0.052335956242943835 0.05226423163382674 0.9972609476841366 0.0007028451965270683 0.0 0.0 0.0 1.0
55 0.9975640502598243 0.0 0.0697564737441253 0.0020470745103643635 0.0 1.0 0.0 0.004936828350393307 -0.0697564737441253 0.0 0.9975640502598243 0.0038886223426553967 0.0 0.0 0.0 1.0
56 0.9951340343707853 -0.06473243809852808 0.07428300676968601 0.004755551192510533 0.06958655048003273 0.9954734669744394 -0.06473243809852808 0.0034997335963134852 -0.06975647374412532 0.06958655048003273 0.9951340343707853 0.0017959954977563525 0.0 0.0 0.0 1.0
57 0.9974121164231599 -0.06944200496223116 0.0186246599727023 0.0005217019451358801 0.06974584949530102 0.997433363302684 -0.016192660339651572 0.004596526504830307 -0.017452406437283515 0.017449748351250485 0.999695413509548 0.0004198037808979988 0.0 0.0 0.0 1.0
58 0.9986295347545738 -0.05232798522331314 0.0009133883796357411 1.860758835177112e-05 0.052335956242943835 0.9984774386394599 -0.017428488520812163 0.0014047899806037263 0.0 0.01745240643728351 0.9998476951563912 0.004042437726821468 0.0 0.0 0.0 1.0
59 0.9986295347545737 0.0027390523158633317 0.052264231633826735 0.0041572298916447 2.168404344971009e-19 0.9986295347545737 -0.052335956242943835 0.002288470326683132 -0.052335956242943835 0.052264231633826735 0.9972609476841365 0.00477471926567011 0.0 0.0 0.0 1.0
60 0.9986295347545739 -0.052208468483931986 0.003650771757534602 0.004506899483458527 0.052335956242943835 0.9961969233988567 -0.06966087492121549 0.001473520591134444 0.0 0.06975647374412529 0.9975640502598243 0.004726301316748285 0.0 0.0 0.0 1.0
61 0.9974121164231597 -0.01745240643728351 0.069745849495301 0.004565373166342799 0.017409893252357173 0.9998476951563913 0.0012174183314141707 0.0014309218613414055 -0.0697564737441253 0.0 0.9975640502598243 0.00018668153799037635 0.0 0.0 0.0 1.0
62 0.9992386149554826 -0.03489949670250097 0.017441774902830158 0.002160178865355126 0.03489418134011368 0.9993908270190958 0.0006090802009086826 0.003644818038572012 -0.01745240643728351 0.0 0.9998476951563913 0.0036242092143817344 0.0 0.0 0.0 1.0
63 0.9980211966240683 -0.0497773390093257 0.038417543000734605 0.0016934643151822937 0.05230407459247084 0.9963243334957702 -0.06783882564751788 0.0029212357530052874 -0.03489949670250096 0.06971397998507721 0.9969563611936845 0.0013151192479680018 0.0 0.0 0.0 1.0
64 0.9998476951563913 -0.017409893252357173 0.0012174183314141707 0.004632842204844333 0.01745240643728351 0.9974121164231597 -0.069745849495301 0.003717495449129149 0.0 0.0697564737441253 0.9975640502598243 0.0011058977000918053 0.0 0.0 0.0 1.0
65 0.9974121164231597 -0.01745240643728351 0.069745849495301 0.003426580565900317 0.017409893252357173 0.9998476951563913 0.0012174183314141707 0.0020094275308753873 -0.0697564737441253 0.0 0.9975640502598243 0.002081565710626345 0.0 0.0 0.0 1.0
66 0.9987820251299123 -0.03366100395935705 0.036074964862626485 0.00362004608243967 0.03487823687206265 0.9988245318398747 -0.03366100395935705 0.0047604092609770925 -0.034899496702500976 0.03487823687206265 0.9987820251299123 0.0010403773318871528 0.0 0.0 0.0 1.0
67 0.9969563611936847 -0.0697564737441253 0.034814483282576254 0.0024487314936730963 0.06971397998507722 0.9975640502598244 0.0024344658254111962 0.002258972157671532 -0.03489949670250097 0.0 0.9993908270190959 0.0012127283678651307 0.0 0.0 0.0 1.0
68 0.9998476951563913 -0.017409893252357173 0.0012174183314141707 0.004000926242059381 0.01745240643728351 0.9974121164231597 -0.069745849495301 0.0042592560133419026 0.0 0.0697564737441253 0.9975640502598243 0.0038091734599171546 0.0 0.0 0.0 1.0
69 0.9998476951563912 -0.017428488520812163 0.0009133883796357411 0.0038163329704395785 0.01745240643728351 0.9984774386394599 -0.05232798522331314 0.0011068586933894663 0.0 0.052335956242943835 0.9986295347545738 0.0036459697734160775 0.0 0.0 0.0 1.0
70 0.9975640502598243 -0.06966087492121549 0.003650771757534602 0.00022990701570507866 0.06975647374412529 0.9961969233988567 -0.052208468483931986 0.002132933669981314 0.0 0.052335956242943835 0.9986295347545739 0.0021087960532611538 0.0 0.0 0.0 1.0
71 1.0 0.0 0.0 0.002249308052064875 0.0 0.9975640502598243 -0.0697564737441253 0.002066843797472664 0.0 0.0697564737441253 0.9975640502598243 0.004032700135730531 0.0 0.0 0.0 1.0
72 0.9992386149554827 -0.03458978039552187 0.01804819863694001 0.002846796671916837 0.03489418134011368 0.9992492448707019 -0.016832787467786218 0.0027614422690131874 -0.01745240643728351 0.017449748351250485 0.999695413509548 0.0028563616294202615 0.0 0.0 0.0 1.0
73 0.9969563611936846 -0.06913825298314946 0.03602659919955875 0.00261365267395356 0.06971397998507722 0.9974546037102026 -0.014975798207882784 0.0009908960149611933 -0.034899496702500976 0.01744177490283016 0.9992386149554826 0.0030368543555820628 0.0 0.0 0.0 1.0
74 0.9998476951563912 0.0009133883796357411 0.017428488520812163 0.004638974098314278 0.0 0.9986295347545738 -0.052335956242943835 0.0009810718023917143 -0.01745240643728351 0.05232798522331314 0.9984774386394599 0.003294549688257545 0.0 0.0 0.0 1.0
75 0.9996954135095478 -0.01619266033965157 0.0186246599727023 0.003658262100205152 0.01744974835125048 0.9974333633026837 -0.06944200496223113 0.0006462727186927197 -0.017452406437283515 0.069745849495301 0.9974121164231596 0.00327941780879149 0.0 0.0 0.0 1.0
76 0.9975640502598243 0.003650771757534602 0.06966087492121549 0.000519453102885315 0.0 0.9986295347545739 -0.052335956242943835 0.0009015287016416795 -0.06975647374412529 0.052208468483931986 0.9961969233988567 0.0004351840346468539 0.0 0.0 0.0 1.0
77 0.9998476951563912 0.0009133883796357411 0.017428488520812163 0.003002342372005808 0.0 0.9986295347545738 -0.052335956242943835 0.0020332360125070816 -0.01745240643728351 0.05232798522331314 0.9984774386394599 0.004032240563017721 0.0 0.0 0.0 1.0
78 0.9993908270190959 -0.03487823687206265 0.001217974870087876 0.0011309566738672422 0.034899496702500976 0.9987820251299122 -0.03487823687206265 0.001955509124454229 0.0 0.034899496702500976 0.9993908270190959 5.7528928749113195e-05 0.0 0.0 0.0 1.0
79 0.9992386149554827 -0.016840760916206544 0.035193453277733946 0.001051401880202355 0.017441774902830158 0.9997060434247672 -0.016840760916206544 0.004003995730835594 -0.034899496702500976 0.017441774902830158 0.9992386149554827 0.0011272220715951486 0.0 0.0 0.0 1.0
80 0.9980211966240685 -0.033981349371999876 0.05290518862947863 0.003064122223290942 0.03485166815518733 0.9992704917502259 -0.015615554555080624 0.003654439020168921 -0.05233595624294385 0.017428488520812163 0.9984774386394601 0.00045779196578875695 0.0 0.0 0.0 1.0
81 0.9951340343707853 -0.0672854443960609 0.07197862605905715 0.0008541525410332407 0.06958655048003273 0.997126180945116 -0.02995148186814873 0.004822084281201995 -0.06975647374412529 0.03481448328257624 0.9969563611936847 0.0027794216852314903 0.0 0.0 0.0 1.0
82 0.9993908270190959 0.001217974870087876 0.03487823687206265 0.00471445064898912 0.0 0.9993908270190959 -0.034899496702500976 0.004026412662553752 -0.034899496702500976 0.03487823687206265 0.9987820251299122 0.0022227319524483315 0.0 0.0 0.0 1.0
83 0.9998476951563913 -0.01745240643728351 0.0 0.0035613053845815396 0.01745240643728351 0.9998476951563913 0.0 0.003217868898878428 0.0 0.0 1.0 0.0010459384976395276 0.0 0.0 0.0 1.0
84 0.9969563611936845 -0.06783882564751789 0.03841754300073461 0.0030178667275913224 0.06971397998507722 0.9963243334957702 -0.04977733900932569 0.002760881964623586 -0.03489949670250097 0.052304074592470835 0.9980211966240683 0.004151270439861187 0.0 0.0 0.0 1.0
85 0.9961969233988566 -0.04987294511786455 0.07144493793071018 0.001414848397995297 0.052208468483931986 0.9981486067209819 -0.031203120349166856 0.004980634813697634 -0.06975647374412529 0.03481448328257624 0.9969563611936845 0.0036216596268755182 0.0 0.0 0.0 1.0
86 0.9993908270190958 -0.03489418134011368 0.0006090802009086826 0.0034552610869646 0.03489949670250097 0.9992386149554826 -0.017441774902830158 0.004631437704200664 0.0 0.01745240643728351 0.9998476951563913 0.004476822556191049 0.0 0.0 0.0 1.0
87 0.9986295347545737 0.0027390523158633317 0.052264231633826735 0.003402258201855654 2.168404344971009e-19 0.9986295347545737 -0.052335956242943835 0.0002908312923590539 -0.052335956242943835 0.052264231633826735 0.9972609476841365 0.002371725377386094 0.0 0.0 0.0 1.0
88 1.0 0.0 0.0 0.0005298720102685522 0.0 0.9998476951563913 -0.01745240643728351 0.0026352798463183907 0.0 0.01745240643728351 0.9998476951563913 0.0007345473553656529 0.0 0.0 0.0 1.0
89 0.9986295347545738 0.0 0.052335956242943835 0.0009686842770428178 0.0 0.9999999999999999 0.0 0.003719840996694268 -0.052335956242943835 0.0 0.9986295347545738 0.0016512001732266446 0.0 0.0 0.0 1.0
90 0.9998476951563912 -0.017428488520812163 0.0009133883796357411 0.0006491923377593595 0.01745240643728351 0.9984774386394599 -0.05232798522331314 0.003254741043800175 0.0 0.052335956242943835 0.9986295347545738 0.00252237968941822 0.0 0.0 0.0 1.0
91 0.9972609476841365 -0.052335956242943835 0.052264231633826735 0.003974514861716486 0.052264231633826735 0.9986295347545737 0.0027390523158633317 0.0013575387466546408 -0.052335956242943835 2.168404344971009e-19 0.9986295347545737 0.002288047774219935 0.0 0.0 0.0 1.0
92 0.9972609476841365 -0.051415848610707256 0.053169659917837155 0.003501033135871364 0.05226423163382673 0.9985252416937292 -0.014689853375883433 0.00478330777177482 -0.05233595624294383 0.01742848852081216 0.9984774386394598 0.0048817965879750435 0.0 0.0 0.0 1.0
93 0.9972609476841364 -0.04856269998221006 0.05578769034989243 0.0021081720234512936 0.05226423163382673 0.9963879900298117 -0.0669284947991293 0.0010803816342625505 -0.05233595624294383 0.06966087492121548 0.9961969233988565 0.003561785392629345 0.0 0.0 0.0 1.0
94 0.9998476951563912 0.0009133883796357411 0.017428488520812163 0.00279551859298902 0.0 0.9986295347545738 -0.052335956242943835 0.004575332109880609 -0.01745240643728351 0.05232798522331314 0.9984774386394599 0.004147111939092751 0.0 0.0 0.0 1.0
95 0.9996954135095479 -0.01745240643728351 0.017449748351250488 0.0005522737219826313 0.017449748351250488 0.9998476951563913 0.000304586490452135 0.0018186297710751126 -0.01745240643728351 -2.710505431213761e-20 0.9998476951563913 0.0008403218874862334 0.0 0.0 0.0 1.0
96 0.9972609476841364 -0.04952893309396769 0.05493165763665701 0.00046526014639785673 0.05226423163382672 0.9974042986062867 -0.04952893309396769 0.004651279425047568 -0.05233595624294383 0.05226423163382672 0.9972609476841364 0.00020325464615562116 0.0 0.0 0.0 1.0
97 0.9992386149554827 -0.03393883618707354 0.019244370088830134 0.0035472879522150513 0.03489418134011367 0.9980530734188118 -0.051695829114809196 0.0044868085713385755 -0.01745240643728351 0.052327985223313146 0.9984774386394601 0.0047603805165837695 0.0 0.0 0.0 1.0
98 0.9974121164231597 -0.0697564737441253 0.017409893252357173 0.0010035776143761384 0.069745849495301 0.9975640502598243 0.0012174183314141707 0.00331720320846025 -0.01745240643728351 0.0 0.9998476951563913 0.0009107836302436135 0.0 0.0 0.0 1.0
99 0.9961969233988568 -0.06594467181901233 0.056947256907908424 0.004888138399452645 0.06966087492121549 0.9953886993350356 -0.06594467181901233 0.0037267852137939073 -0.05233595624294384 0.06966087492121549 0.9961969233988568 0.004307621648826135 0.0 0.0 0.0 1.0
100 0.9980211966240684 -0.052335956242943835 0.03485166815518733 0.0005454153035386561 0.05230407459247084 0.9986295347545739 0.0018264985323228533 0.0015895639308396831 -0.03489949670250097 -2.168404344971009e-19 0.9993908270190958 0.003088711419219706 0.0 0.0 0.0 1.0
