1 1.0 0.0 0.0 0.0 0.0 1.0 0.0 0.0 0.0 0.0 1.0 0.0 0.0 0.0 0.0 1.0
2 0.9984776473608904 -0.01606634418917685 0.052766090484859376 0.004352490747989733 0.018806578939574145 0.9984776473608904 -0.05185267890139361 0.0037999628781905256 -0.05185267890139361 0.052766090484859376 0.9972597652496027 0.0012583298032187208 0.0 0.0 0.0 1.0
3 0.9951305736606874 -0.06846828559360749 0.07090299876326381 0.0037399107614679346 0.07090299876326381 0.9969566085379296 -0.03240810791956151 0.0010040922808104574 -0.06846828559360749 0.03727753425887414 0.9969566085379296 0.0019449317088645747 0.0 0.0 0.0 1.0
4 0.9987820560501401 -0.03396300760793349 0.03578992353272329 0.003153715311756352 0.03578992353272329 0.9980208410814777 -0.05170572638056265 0.000850908308767116 -0.03396300760793349 0.05292367033042252 0.9980208410814777 0.0011405052577380854 0.0 0.0 0.0 1.0
5 0.9987817777454803 -0.03489240922878522 0.03489240922878522 0.003903177447942902 0.03489240922878522 0.9993908888727402 0.0006091111272598649 0.0030588424290315637 -0.03489240922878522 0.0006091111272598649 0.9993908888727402 0.0007749431249421823 0.0 0.0 0.0 1.0
6 0.9993908270190958 -0.03489949670250097 0.0 0.0008337642291913555 0.03489949670250097 0.9993908270190958 0.0 0.002137102155911944 0.0 0.0 1.0 0.0014564066625906015 0.0 0.0 0.0 1.0
7 0.9986295695447759 -0.052333298723670076 0.00045681015174138247 0.0008698481309459028 0.052333298723670076 0.9984772994941954 -0.017444432907890026 0.004032684504867508 0.00045681015174138247 0.017444432907890026 0.9998477299494195 0.004090361490273341 0.0 0.0 0.0 1.0
8 0.9969553720176412 -0.06974230397781102 0.03487115198890551 0.003933815512006142 0.06974230397781102 0.9975642976141129 0.0012178511929435308 0.004751491032140345 -0.03487115198890551 0.0012178511929435308 0.9993910744035283 0.0036088937571515894 0.0 0.0 0.0 1.0
9 0.9986298478409578 0.001370152159042293 0.05231204148383734 0.003773433085744088 0.001370152159042293 0.9986298478409578 -0.05231204148383734 0.0023584210582094528 -0.05231204148383734 0.05231204148383734 0.9972596956819154 0.0019773486985561885 0.0 0.0 0.0 1.0
10 0.9961947946997979 -0.051681956576413106 0.07017767720195153 0.0022366289800443595 0.05289962227247779 0.9984779178799191 -0.015603764597384783 0.004334005519915997 -0.069264427929903 0.01925676168557885 0.9974124603958625 0.0005119726987593726 0.0 0.0 0.0 1.0
11 0.9993908270190958 0.0 0.03489949670250097 0.003570104304000315 0.0 1.0 0.0 0.00031491126272481794 -0.03489949670250097 0.0 0.9993908270190958 0.0023786204166300973 0.0 0.0 0.0 1.0
12 0.9993909661827302 0.0009135507259048043 0.03488355110106177 0.00015277547326028983 0.0009135507259048043 0.9986296739111428 -0.052325326651592646 6.226593281374981e-05 -0.03488355110106177 0.052325326651592646 0.9980206400938729 0.0011113402054521305 0.0 0.0 0.0 1.0
13 0.997565039556422 0.0024349604435780496 0.06969980503869781 0.002488738663815067 0.0024349604435780496 0.997565039556422 -0.06969980503869781 0.0015313296399738546 -0.06969980503869781 0.06969980503869781 0.9951300791128439 0.002917210877335295 0.0 0.0 0.0 1.0
14 0.9998477106207445 -0.01744886237655296 0.00030457875851106484 0.0011254334057532462 0.01744886237655296 0.9992385531037223 -0.03489772475310592 0.00032592648468259103 0.00030457875851106484 0.03489772475310592 0.9993908424829778 0.00415913708530766 0.0 0.0 0.0 1.0
15 0.9969553720176412 -0.03487115198890551 0.06974230397781102 0.0042491078820943145 0.03487115198890551 0.9993910744035283 0.0012178511929435308 0.0013016870001781994 -0.06974230397781102 0.0012178511929435308 0.9975642976141129 0.002580795919823641 0.0 0.0 0.0 1.0
16 0.9992387270547326 -0.034425015870267736 0.018354417353034932 0.00015436457768859492 0.035338543404588585 0.9980206903423048 -0.05201816027803529 0.0037213994478296664 -0.016527362284393228 0.052627178634249185 0.9984774541094652 0.00025145098907658204 0.0 0.0 0.0 1.0
17 0.9992387270547326 -0.034425015870267736 0.018354417353034932 0.00043008241352261056 0.035338543404588585 0.9980206903423048 -0.05201816027803529 0.0029637170236335207 -0.016527362284393228 0.052627178634249185 0.9984774541094652 0.004552333982661619 0.0 0.0 0.0 1.0
18 0.9984772994941954 -0.052333298723670076 0.017444432907890026 0.0014052201701383854 0.052333298723670076 0.9986295695447759 0.00045681015174138247 0.003226382820640394 -0.017444432907890026 0.00045681015174138247 0.9998477299494195 0.0019016232949900353 0.0 0.0 0.0 1.0
19 0.9993909661827302 0.0009135507259048043 0.03488355110106177 0.00047681261259385765 0.0009135507259048043 0.9986296739111428 -0.052325326651592646 0.0024359010477450526 -0.03488355110106177 0.052325326651592646 0.9980206400938729 0.0028701973662478932 0.0 0.0 0.0 1.0
20 0.998021443946335 -0.033028854724228854 0.0535003941936734 0.001088076805720104 0.03668157359253359 0.9969560676097461 -0.06879724859968626 0.0005329828889968213 -0.05106524828147026 0.07062360803383862 0.9961950845121825 0.0018077879024242217 0.0 0.0 0.0 1.0
21 0.9992387270547326 -0.016527362284393228 0.035338543404588585 0.0013650347394080138 0.018354417353034932 0.9984774541094652 -0.05201816027803529 0.00477109259270674 -0.034425015870267736 0.052627178634249185 0.9980206903423048 0.0031531323853553335 0.0 0.0 0.0 1.0
22 0.9998477299494195 -0.017444432907890026 0.00045681015174138247 0.00014203177083818187 0.017444432907890026 0.9984772994941954 -0.052333298723670076 0.00024078350853615427 0.00045681015174138247 0.052333298723670076 0.9986295695447759 0.002909823180892842 0.0 0.0 0.0 1.0
23 0.9974129202128349 -0.06908753950599512 0.019858964663663888 0.00034616362215141364 0.07030498881760223 0.9951302027535716 -0.06908753950599512 0.00018683731428129015 -0.014989167417235452 0.07030498881760223 0.9974129202128349 0.0022565339911432615 0.0 0.0 0.0 1.0
24 0.9984773381491904 -0.01698674853987539 0.052482907470435755 0.0013635791272293475 0.017900345650361138 0.9996954676298381 -0.01698674853987539 0.0014391158875645639 -0.052178375100273844 0.017900345650361138 0.9984773381491904 6.670587557435382e-05 0.0 0.0 0.0 1.0
25 0.997412131915142 -0.06943430673723439 0.018652510726737605 0.0018507700876484307 0.07004321687484805 0.9969554493119317 -0.03426047076540696 0.00493141609093846 -0.016216870176283003 0.035478291040634255 0.999238862327983 0.004396002560355727 0.0 0.0 0.0 1.0
26 1.0 0.0 0.0 0.0018621945401534723 0.0 0.9993908270190958 -0.03489949670250097 0.004054118824395764 0.0 0.03489949670250097 0.9993908270190958 0.0006805759200433398 0.0 0.0 0.0 1.0
27 0.9986298478409578 0.001370152159042293 0.05231204148383734 0.0023782504886498013 0.001370152159042293 0.9986298478409578 -0.05231204148383734 0.004494271476655518 -0.05231204148383734 0.05231204148383734 0.9972596956819154 0.0016725009525725243 0.0 0.0 0.0 1.0
28 0.996196243585151 -0.04981655166734989 0.0714937441095985 0.001459035758696846 0.05468535987835658 0.996196243585151 -0.06784213795134347 0.0044708494627014785 -0.06784213795134347 0.0714937441095985 0.9951311917889933 0.002879884712660757 0.0 0.0 0.0 1.0
29 0.9998477106207445 -0.01744886237655296 0.00030457875851106484 0.004595258790022335 0.01744886237655296 0.9992385531037223 -0.03489772475310592 0.0026092350168184075 0.00030457875851106484 0.03489772475310592 0.9993908424829778 0.0018059271208877292 0.0 0.0 0.0 1.0
30 0.9998477299494195 -0.017444432907890026 0.00045681015174138247 0.003894383915777717 0.017444432907890026 0.9984772994941954 -0.052333298723670076 0.001335795598576997 0.00045681015174138247 0.052333298723670076 0.9986295695447759 0.002522967617287401 0.0 0.0 0.0 1.0
31 0.9984773381491904 -0.01698674853987539 0.052482907470435755 4.9397833335435015e-05 0.017900345650361138 0.9996954676298381 -0.01698674853987539 0.004235039035980443 -0.052178375100273844 0.017900345650361138 0.9984773381491904 0.004911388300726597 0.0 0.0 0.0 1.0
32 0.9969556811853848 -0.03364634044327154 0.07033699970115825 0.004454550135630287 0.03608179549496368 0.998782272474154 -0.03364634044327154 0.00013420547157145913 -0.06911927217531219 0.03608179549496368 0.9969556811853848 0.002901503465057431 0.0 0.0 0.0 1.0
33 0.998782272474154 -0.03364634044327154 0.03608179549496368 0.001196625372700405 0.03608179549496368 0.9969556811853848 -0.06911927217531219 0.0034528477954677735 -0.03364634044327154 0.07033699970115825 0.9969556811853848 0.004335252613112335 0.0 0.0 0.0 1.0
34 0.9992387270547326 -0.016527362284393228 0.035338543404588585 0.0015121565808665456 0.018354417353034932 0.9984774541094652 -0.05201816027803529 0.003279122909206086 -0.034425015870267736 0.052627178634249185 0.9980206903423048 0.0014566553032874685 0.0 0.0 0.0 1.0
35 0.9974119348106979 -0.06959714951633397 0.018046303676409022 0.0023811032525451244 0.06990162777389894 0.9974119348106979 -0.016828390646149206 0.004968320445653055 -0.016828390646149206 0.018046303676409022 0.999695521742435 0.0030624193355015673 0.0 0.0 0.0 1.0
36 0.9951311917889933 -0.06784213795134347 0.0714937441095985 0.0011425345194280385 0.0714937441095985 0.996196243585151 -0.04981655166734989 0.004238245025513891 -0.06784213795134347 0.05468535987835658 0.996196243585151 0.001445878631706486 0.0 0.0 0.0 1.0
37 1.0 0.0 0.0 0.003662238995495139 0.0 0.9986295347545738 -0.05233595624294383 0.0014621970501707015 0.0 0.05233595624294383 0.9986295347545738 0.004890210210674595 0.0 0.0 0.0 1.0
38 0.9972597652496027 -0.05185267890139361 0.052766090484859376 0.0027401479336982676 0.052766090484859376 0.9984776473608904 -0.01606634418917685 0.004925312856436856 -0.05185267890139361 0.018806578939574145 0.9984776473608904 0.0017668819152627652 0.0 0.0 0.0 1.0
39 0.9980208410814777 -0.03396300760793349 0.05292367033042252 0.0036005585606732576 0.03578992353272329 0.9987820560501401 -0.03396300760793349 0.0018839433914204313 -0.05170572638056265 0.03578992353272329 0.9980208410814777 0.004954856560066301 0.0 0.0 0.0 1.0
40 0.9972597652496027 -0.05185267890139361 0.052766090484859376 0.0036610857030734694 0.052766090484859376 0.9984776473608904 -0.01606634418917685 0.001114830669172512 -0.05185267890139361 0.018806578939574145 0.9984776473608904 0.004233071583486869 0.0 0.0 0.0 1.0
41 0.9993908424829778 0.00030457875851106484 0.03489772475310592 0.0004337046262117783 0.00030457875851106484 0.9998477106207445 -0.01744886237655296 0.0020882355081002753 -0.03489772475310592 0.01744886237655296 0.9992385531037223 0.0031545573413228733 0.0 0.0 0.0 1.0
42 0.9998477299494195 -0.017444432907890026 0.00045681015174138247 0.002833325321955497 0.017444432907890026 0.9984772994941954 -0.052333298723670076 0.003723876958486562 0.00045681015174138247 0.052333298723670076 0.9986295695447759 0.0024683893533629883 0.0 0.0 0.0 1.0
43 0.9972608085953808 -0.050443414941513116 0.054095670147672116 0.0016903217752271826 0.054095670147672116 0.9961955674935844 -0.06832312769048053 0.0038333009252626282 -0.050443414941513116 0.07106231909509979 0.9961955674935844 0.00020757209976349613 0.0 0.0 0.0 1.0
44 0.9992386304192077 -0.016836223083014093 0.035195185327612816 0.003304505611631837 0.018054414412281797 0.9992386304192077 -0.034586089662978964 0.004585346645772738 -0.034586089662978964 0.035195185327612816 0.9987818086707323 0.003217292282699959 0.0 0.0 0.0 1.0
45 0.9986295695447759 0.00045681015174138247 0.052333298723670076 0.0010010637410068158 0.00045681015174138247 0.9998477299494195 -0.017444432907890026 0.004573652395888603 -0.052333298723670076 0.017444432907890026 0.9984772994941954 0.001929929382477505 0.0 0.0 0.0 1.0
46 0.9969553720176412 -0.06974230397781102 0.03487115198890551 0.0001338333353745297 0.06974230397781102 0.9975642976141129 0.0012178511929435308 0.003980470144079777 -0.03487115198890551 0.0012178511929435308 0.9993910744035283 0.0029152450682853087 0.0 0.0 0.0 1.0
47 0.9961950845121825 -0.06879724859968626 0.0535003941936734 0.002312369247001182 0.07062360803383862 0.9969560676097461 -0.033028854724228854 0.004270912529931335 -0.05106524828147026 0.03668157359253359 0.998021443946335 0.003096869626657298 0.0 0.0 0.0 1.0
48 0.9951302027535716 -0.06908753950599512 0.07030498881760223 0.0033053074609227674 0.07030498881760223 0.9974129202128349 -0.014989167417235452 0.003132681741444228 -0.06908753950599512 0.019858964663663888 0.9974129202128349 0.0025399857357097204 0.0 0.0 0.0 1.0
49 0.9975640502598242 0.0 0.0697564737441253 0.001685761385068449 0.0 1.0 0.0 0.0017989048400654528 -0.0697564737441253 0.0 0.9975640502598242 0.0024252065621666236 0.0 0.0 0.0 1.0
50 0.9975646067787172 -0.06972459419812653 0.0018265449159621382 0.003942303444056843 0.06972459419812653 0.9961946980917455 -0.0522934456485949 0.0030259493293720795 0.0018265449159621382 0.0522934456485949 0.9986300913130284 0.0021664311909684896 0.0 0.0 0.0 1.0
51 0.9984779178799191 -0.051681956576413106 0.01925676168557885 0.002801372751495273 0.05289962227247779 0.9961947946997979 -0.069264427929903 0.001071825934459862 -0.015603764597384783 0.07017767720195153 0.9974124603958625 0.003141074265745058 0.0 0.0 0.0 1.0
52 0.997412131915142 -0.016216870176283003 0.07004321687484805 0.002284780832586884 0.018652510726737605 0.999238862327983 -0.03426047076540696 0.0016979610063746864 -0.06943430673723439 0.035478291040634255 0.9969554493119317 0.0045559035334817284 0.0 0.0 0.0 1.0
53 0.9974124603958625 -0.015603764597384783 0.07017767720195153 0.00074096508429082 0.01925676168557885 0.9984779178799191 -0.051681956576413106 0.001879471555318365 -0.069264427929903 0.05289962227247779 0.9961947946997979 0.0008595272741371685 0.0 0.0 0.0 1.0
54 0.9992386304192077 -0.016836223083014093 0.035195185327612816 0.0016127394101595328 0.018054414412281797 0.9992386304192077 -0.034586089662978964 0.0007294108083870665 -0.034586089662978964 0.035195185327612816 0.9987818086707323 0.0029420467038032373 0.0 0.0 0.0 1.0
55 0.9975640502598242 0.0 0.0697564737441253 0.002580799113835248 0.0 1.0 0.0 0.004722275835950893 -0.0697564737441253 0.0 0.9975640502598242 0.003995172842047155 0.0 0.0 0.0 1.0
56 0.996196243585151 -0.06784213795134347 0.05468535987835658 0.004088021873985754 0.0714937441095985 0.9951311917889933 -0.06784213795134347 7.54007546580876e-05 -0.04981655166734989 0.0714937441095985 0.996196243585151 0.0032110527736687114 0.0 0.0 0.0 1.0
57 0.9986300913130284 -0.0522934456485949 0.0018265449159621382 0.004392245661815495 0.0522934456485949 0.9961946980917455 -0.06972459419812653 0.0005666700535326486 0.0018265449159621382 0.06972459419812653 0.9975646067787172 0.0025220670228692137 0.0 0.0 0.0 1.0
58 0.9975640502598242 0.0 0.0697564737441253 0.0004546003315857883 0.0 1.0 0.0 0.0003893844513498923 -0.0697564737441253 0.0 0.9975640502598242 0.004856601798509234 0.0 0.0 0.0 1.0
59 0.9996954057774498 -0.01729833724166259 0.017602931464212802 0.001414210637034878 0.017602931464212802 0.9996954057774498 -0.01729833724166259 0.00491329278386108 -0.01729833724166259 0.017602931464212802 0.9996954057774498 0.0032663465050869383 0.0 0.0 0.0 1.0
60 0.9969556811853848 -0.03364634044327154 0.07033699970115825 0.003849300768985535 0.03608179549496368 0.998782272474154 -0.03364634044327154 0.0027183117339072255 -0.06911927217531219 0.03608179549496368 0.9969556811853848 0.002359210710018378 0.0 0.0 0.0 1.0
61 0.9984773381491904 -0.052178375100273844 0.017900345650361138 0.0023752043365232946 0.052482907470435755 0.9984773381491904 -0.01698674853987539 0.001147173520778274 -0.01698674853987539 0.017900345650361138 0.9996954676298381 0.0027584365897234124 0.0 0.0 0.0 1.0
62 0.9992385531037223 -0.03489772475310592 0.01744886237655296 0.0015407131818798603 0.03489772475310592 0.9993908424829778 0.00030457875851106484 0.0035182678286984994 -0.01744886237655296 0.00030457875851106484 0.9998477106207445 0.003625766118755059 0.0 0.0 0.0 1.0
63 1.0 0.0 0.0 1.8265029845537796e-06 0.0 0.9998476951563913 -0.01745240643728351 0.004489382042729644 0.0 0.01745240643728351 0.9998476951563913 0.0007772057683245154 0.0 0.0 0.0 1.0
64 0.9980210922930242 -0.03349759684318873 0.0532147568252469 0.0011770963282041426 0.03623762289900148 0.9980210922930242 -0.051388072788038405 0.0012253267603736524 -0.051388072788038405 0.0532147568252469 0.9972599739441873 7.842494745830874e-05 0.0 0.0 0.0 1.0
65 0.9951320570631669 -0.06720919248545566 0.07207713542228882 0.004830470448498867 0.07207713542228882 0.9951320570631669 -0.06720919248545566 0.0015026908062079586 -0.06720919248545566 0.07207713542228882 0.9951320570631669 0.0006572936408290192 0.0 0.0 0.0 1.0
66 0.9998476990225973 0.00015230097740270845 0.01745152038161517 0.0025985030858221396 0.00015230097740270845 0.9998476990225973 -0.01745152038161517 0.0015065747712288673 -0.01745152038161517 0.01745152038161517 0.9996953980451946 0.004038567875895448 0.0 0.0 0.0 1.0
67 0.9980206400938729 -0.03488355110106177 0.052325326651592646 0.0007985081539352818 0.03488355110106177 0.9993909661827302 0.0009135507259048043 0.0030635734804832955 -0.052325326651592646 0.0009135507259048043 0.9986296739111428 0.001646478391208469 0.0 0.0 0.0 1.0
68 0.9984779178799191 -0.015603764597384783 0.05289962227247779 0.0028702868748070693 0.01925676168557885 0.9974124603958625 -0.069264427929903 0.004206808954201477 -0.051681956576413106 0.07017767720195153 0.9961947946997979 0.0047528647206973315 0.0 0.0 0.0 1.0
69 0.996196243585151 -0.04981655166734989 0.0714937441095985 0.0008234061960747919 0.05468535987835658 0.996196243585151 -0.06784213795134347 0.0028962875904399317 -0.06784213795134347 0.0714937441095985 0.9951311917889933 0.0017969197786935048 0.0 0.0 0.0 1.0
70 0.9961955674935844 -0.06832312769048053 0.054095670147672116 0.0021315084914573052 0.07106231909509979 0.9961955674935844 -0.050443414941513116 0.00493484257686786 -0.050443414941513116 0.054095670147672116 0.9972608085953808 0.00044419557280460045 0.0 0.0 0.0 1.0
71 0.9961955674935844 -0.06832312769048053 0.054095670147672116 0.0012206561328192706 0.07106231909509979 0.9961955674935844 -0.050443414941513116 0.001944305666591793 -0.050443414941513116 0.054095670147672116 0.9972608085953808 0.0003365167715206258 0.0 0.0 0.0 1.0
72 0.9984776473608904 -0.01606634418917685 0.052766090484859376 0.0008535281330312989 0.018806578939574145 0.9984776473608904 -0.05185267890139361 0.0005586978713756108 -0.05185267890139361 0.052766090484859376 0.9972597652496027 0.0032687436065538472 0.0 0.0 0.0 1.0
73 0.999238862327983 -0.016216870176283003 0.035478291040634255 0.0023821310946027826 0.018652510726737605 0.997412131915142 -0.06943430673723439 0.0012441161431719706 -0.03426047076540696 0.07004321687484805 0.9969554493119317 0.00038858461482428884 0.0 0.0 0.0 1.0
74 0.9986295695447759 -0.052333298723670076 0.00045681015174138247 0.0044110256939805656 0.052333298723670076 0.9984772994941954 -0.017444432907890026 0.004292656165141025 0.00045681015174138247 0.017444432907890026 0.9998477299494195 0.0004406922748083364 0.0 0.0 0.0 1.0
75 0.9951302027535716 -0.06908753950599512 0.07030498881760223 0.004435964920953102 0.07030498881760223 0.9974129202128349 -0.014989167417235452 0.0039781670236820965 -0.06908753950599512 0.019858964663663888 0.9974129202128349 0.0029683043104272726 0.0 0.0 0.0 1.0
76 0.9984779178799191 -0.051681956576413106 0.01925676168557885 0.00017377729583949509 0.05289962227247779 0.9961947946997979 -0.069264427929903 0.0032871845911475123 -0.015603764597384783 0.07017767720195153 0.9974124603958625 0.0033454009548980856 0.0 0.0 0.0 1.0
77 0.9972599739441873 -0.051388072788038405 0.0532147568252469 0.0021471532420911828 0.0532147568252469 0.9980210922930242 -0.03349759684318873 0.004144682785971947 -0.051388072788038405 0.03623762289900148 0.9980210922930242 0.0017488981408467614 0.0 0.0 0.0 1.0
78 0.9984772994941954 -0.017444432907890026 0.052333298723670076 0.001380427116902187 0.017444432907890026 0.9998477299494195 0.00045681015174138247 0.0013336757367354312 -0.052333298723670076 0.00045681015174138247 0.9986295695447759 0.0019034103404709636 0.0 0.0 0.0 1.0
79 0.9974124603958625 -0.069264427929903 0.01925676168557885 0.0012811629785240153 0.07017767720195153 0.9961947946997979 -0.051681956576413106 0.0014019512671915914 -0.015603764597384783 0.05289962227247779 0.9984779178799191 0.0021958241470674844 0.0 0.0 0.0 1.0
80 0.9984774541094652 -0.05201816027803529 0.018354417353034932 0.004455407112523113 0.052627178634249185 0.9980206903423048 -0.034425015870267736 0.0001337479043909623 -0.016527362284393228 0.035338543404588585 0.9992387270547326 0.003335753829216522 0.0 0.0 0.0 1.0
81 0.9992386304192077 -0.034586089662978964 0.018054414412281797 0.0043903227420845885 0.035195185327612816 0.9987818086707323 -0.034586089662978964 0.004479699080528347 -0.016836223083014093 0.035195185327612816 0.9992386304192077 0.0038041184628160515 0.0 0.0 0.0 1.0
82 0.9951320570631669 -0.06720919248545566 0.07207713542228882 0.0017893512707999916 0.07207713542228882 0.9951320570631669 -0.06720919248545566 0.0022896735445282453 -0.06720919248545566 0.07207713542228882 0.9951320570631669 0.0023846203843749755 0.0 0.0 0.0 1.0
83 0.9987817777454803 -0.03489240922878522 0.03489240922878522 0.0016726318656024308 0.03489240922878522 0.9993908888727402 0.0006091111272598649 0.00024975462339887346 -0.03489240922878522 0.0006091111272598649 0.9993908888727402 0.003507325604488854 0.0 0.0 0.0 1.0
84 0.9972597652496027 -0.05185267890139361 0.052766090484859376 0.004402663807439645 0.052766090484859376 0.9984776473608904 -0.01606634418917685 0.002829782438953993 -0.05185267890139361 0.018806578939574145 0.9984776473608904 0.0023750412787194313 0.0 0.0 0.0 1.0
85 0.9980208410814777 -0.03396300760793349 0.05292367033042252 0.002975906085593628 0.03578992353272329 0.9987820560501401 -0.03396300760793349 0.0015335470661636398 -0.05170572638056265 0.03578992353272329 0.9980208410814777 0.00156347626668301 0.0 0.0 0.0 1.0
86 0.9984772994941954 -0.052333298723670076 0.017444432907890026 0.0005069226340487965 0.052333298723670076 0.9986295695447759 0.00045681015174138247 0.003249952042910053 -0.017444432907890026 0.00045681015174138247 0.9998477299494195 0.0025826876752638025 0.0 0.0 0.0 1.0
87 0.9975642976141129 -0.06974230397781102 0.0012178511929435308 0.0040697209718120395 0.06974230397781102 0.9969553720176412 -0.03487115198890551 0.004381430385994991 0.0012178511929435308 0.03487115198890551 0.9993910744035283 0.0015284772732128721 0.0 0.0 0.0 1.0
88 0.9993908270190958 0.0 0.03489949670250097 0.004187853187578311 0.0 1.0 0.0 0.0014313752895398985 -0.03489949670250097 0.0 0.9993908270190958 0.004305177380126591 0.0 0.0 0.0 1.0
89 0.9951311917889933 -0.06784213795134347 0.0714937441095985 0.004084101787224169 0.0714937441095985 0.996196243585151 -0.04981655166734989 0.002710779343952279 -0.06784213795134347 0.05468535987835658 0.996196243585151 0.0039968894505596625 0.0 0.0 0.0 1.0
90 0.9974129202128349 -0.014989167417235452 0.07030498881760223 0.0036896478523538367 0.019858964663663888 0.9974129202128349 -0.06908753950599512 0.004670425195885209 -0.06908753950599512 0.07030498881760223 0.9951302027535716 0.004549534222626526 0.0 0.0 0.0 1.0
91 0.9969554493119317 -0.03426047076540696 0.07004321687484805 0.003120199809253781 0.035478291040634255 0.999238862327983 -0.016216870176283003 0.0004167734961082381 -0.06943430673723439 0.018652510726737605 0.997412131915142 0.001799495729398982 0.0 0.0 0.0 1.0
92 0.9998476951563913 0.0 0.01745240643728351 0.0031090680167816386 0.0 1.0 0.0 7.600594233304947e-05 -0.01745240643728351 0.0 0.9998476951563913 0.0047469432208459795 0.0 0.0 0.0 1.0
93 0.9975642976141129 0.0012178511929435308 0.06974230397781102 0.004219010194806755 0.0012178511929435308 0.9993910744035283 -0.03487115198890551 0.004708674654831578 -0.06974230397781102 0.03487115198890551 0.9969553720176412 0.003864069698538836 0.0 0.0 0.0 1.0
94 0.996196243585151 -0.06784213795134347 0.05468535987835658 0.001301926882800985 0.0714937441095985 0.9951311917889933 -0.06784213795134347 0.0024335105831638317 -0.04981655166734989 0.0714937441095985 0.996196243585151 0.0033614304747450825 0.0 0.0 0.0 1.0
95 0.9993908270190958 -0.03489949670250097 0.0 3.716287141486474e-05 0.03489949670250097 0.9993908270190958 0.0 0.001368691056587666 0.0 0.0 1.0 0.0007566484124608764 0.0 0.0 0.0 1.0
96 0.9975641121002803 -0.06975293114065678 0.0006089719749299348 0.001773411847519752 0.06975293114065678 0.9974118691065478 -0.017438232785164196 0.0026774190158398133 0.0006089719749299348 0.017438232785164196 0.9998477570062675 0.00211297975419831 0.0 0.0 0.0 1.0
97 0.9975640502598242 -0.0697564737441253 0.0 0.00025746746675181785 0.0697564737441253 0.9975640502598242 0.0 0.004557518671337497 0.0 0.0 1.0 0.0027214688796092794 0.0 0.0 0.0 1.0
98 0.9992385724331825 -0.03474366734432557 0.017752547455571515 0.0004220590118320994 0.03504823837105255 0.9992385724331825 -0.017143405402117545 0.0035295737795795323 -0.017143405402117545 0.017752547455571515 0.999695428973273 0.0009923958685458213 0.0 0.0 0.0 1.0
99 0.9993908424829778 0.00030457875851106484 0.03489772475310592 0.0012579810602169012 0.00030457875851106484 0.9998477106207445 -0.01744886237655296 0.0037431702249973737 -0.03489772475310592 0.01744886237655296 0.9992385531037223 0.001869796555049436 0.0 0.0 0.0 1.0
100 0.9984779178799191 -0.051681956576413106 0.01925676168557885 0.0031130119461686436 0.05289962227247779 0.9961947946997979 -0.069264427929903 0.002688365842513368 -0.015603764597384783 0.07017767720195153 0.9974124603958625 0.003425561671125741 0.0 0.0 0.0 1.0
