1 1.0 0.0 0.0 0.0 0.0 1.0 0.0 0.0 0.0 0.0 1.0 0.0 0.0 0.0 0.0 1.0
2 0.9986295347545738 0.0 0.052335956242943835 0.0017354682085259532 0.0 0.9999999999999999 0.0 0.0022500668721859097 -0.052335956242943835 0.0 0.9986295347545738 0.0034944040334621874 0.0 0.0 0.0 1.0
3 0.9998476951563912 -0.017428488520812163 0.0009133883796357411 0.003113695970799707 0.01745240643728351 0.9984774386394599 -0.05232798522331314 0.00010782183308869874 0.0 0.052335956242943835 0.9986295347545738 0.003930415261856561 0.0 0.0 0.0 1.0
4 0.9974121164231596 -0.0687497115097658 0.021036805356262837 0.0006002269917194736 0.069745849495301 0.9962606381513788 -0.05099271858203016 0.0032410376662788676 -0.01745240643728351 0.05232798522331313 0.9984774386394599 0.0016169397167018242 0.0 0.0 0.0 1.0
5 0.9975640502598244 -0.06958655048003273 0.004865965629214842 0.003267351286788444 0.0697564737441253 0.9951340343707853 -0.06958655048003273 0.004943280702386811 0.0 0.0697564737441253 0.9975640502598244 0.004055530985891111 0.0 0.0 0.0 1.0
6 0.9992386149554826 -0.03489949670250097 0.017441774902830158 0.0015587609813413705 0.03489418134011368 0.9993908270190958 0.0006090802009086826 0.00020515294824976604 -0.01745240643728351 0.0 0.9998476951563913 0.003826834108496918 0.0 0.0 0.0 1.0
7 0.9961969233988566 -0.06789193071137961 0.05461113032096838 0.0030282882154570785 0.0696608749212155 0.9970837712905981 -0.031165935476555783 0.001152501045197998 -0.05233595624294383 0.034851668155187324 0.9980211966240683 0.0007806070081639849 0.0 0.0 0.0 1.0
8 0.9972609476841364 -0.04856269998221006 0.05578769034989243 0.0013410753787014267 0.05226423163382673 0.9963879900298117 -0.0669284947991293 0.0002922063162153332 -0.05233595624294383 0.06966087492121548 0.9961969233988565 0.004373562013854689 0.0 0.0 0.0 1.0
9 0.9996954135095478 -0.017145208250796146 0.01775167716050897 0.001598633527050572 0.017449748351250485 0.9997007292767746 -0.017145208250796146 0.0012000197469611402 -0.017452406437283515 0.017449748351250485 0.9996954135095478 0.0031451779815585656 0.0 0.0 0.0 1.0
10 0.9998476951563913 0.0012174183314141707 0.017409893252357173 0.0020371230728389532 0.0 0.9975640502598243 -0.0697564737441253 0.0024135444947557707 -0.01745240643728351 0.069745849495301 0.9974121164231597 0.0005740987110007651 0.0 0.0 0.0 1.0
11 0.9951340343707852 -0.06853139673375493 0.07079337044275874 0.0014092600039616904 0.06958655048003272 0.9974970392330306 -0.012544668733276493 0.0012511593200526744 -0.06975647374412527 0.017409893252357173 0.9974121164231597 0.0023916790040888407 0.0 0.0 0.0 1.0
12 0.9986295347545739 -0.052208468483931986 0.003650771757534602 0.002270578528085441 0.052335956242943835 0.9961969233988567 -0.06966087492121549 0.0003947485877055207 0.0 0.06975647374412529 0.9975640502598243 0.003650404634552254 0.0 0.0 0.0 1.0
13 0.9972609476841365 -0.052335956242943835 0.052264231633826735 0.002679121752499652 0.052264231633826735 0.9986295347545737 0.0027390523158633317 0.00210388671053853 -0.052335956242943835 2.168404344971009e-19 0.9986295347545737 0.0026504793536211665 0.0 0.0 0.0 1.0
14 0.9984774386394599 -0.052335956242943835 0.017428488520812163 0.0019151008535584896 0.05232798522331314 0.9986295347545738 0.0009133883796357411 0.0013927617686527217 -0.01745240643728351 0.0 0.9998476951563912 0.003047122917128394 0.0 0.0 0.0 1.0
15 0.9975640502598244 0.004865965629214842 0.06958655048003273 0.000525105135059416 0.0 0.9975640502598244 -0.0697564737441253 0.0005550630544402869 -0.0697564737441253 0.06958655048003273 0.9951340343707853 0.004748042373424547 0.0 0.0 0.0 1.0
16 0.9980211966240684 -0.050440236254263256 0.03754295747109885 0.0027069770211703677 0.05230407459247085 0.9973565392314021 -0.05044023625426325 0.0031875756236658635 -0.03489949670250097 0.05230407459247084 0.9980211966240684 0.0012722295714380244 0.0 0.0 0.0 1.0
17 0.9987820251299122 -0.034899496702500976 0.03487823687206265 0.0017651331541677956 0.03487823687206265 0.9993908270190959 0.001217974870087876 0.003288357172398399 -0.034899496702500976 0.0 0.9993908270190959 0.002893656546392057 0.0 0.0 0.0 1.0
18 0.9974121164231599 -0.013778272793499144 0.07056365361219072 0.004070173326168602 0.01740989325235717 0.9985411533919824 -0.05111223532141132 0.0016283365723130745 -0.0697564737441253 0.052208468483931986 0.9961969233988568 0.003218988770919109 0.0 0.0 0.0 1.0
19 0.9961969233988566 -0.05111223532141131 0.0705636536121907 0.0008315727140448093 0.05220846848393198 0.9985411533919821 -0.013778272793499143 0.004430914380692526 -0.06975647374412529 0.01740989325235717 0.9974121164231596 0.0018674997969113012 0.0 0.0 0.0 1.0
20 0.9993908270190958 -0.03485166815518733 0.0018264985323228533 0.0013422650366084583 0.03489949670250097 0.9980211966240684 -0.05230407459247084 0.0023326907897078006 -2.168404344971009e-19 0.052335956242943835 0.9986295347545739 0.00491464532521182 0.0 0.0 0.0 1.0
21 0.9980211966240683 -0.0497773390093257 0.038417543000734605 0.004383310024743699 0.05230407459247084 0.9963243334957702 -0.06783882564751788 0.0024020298260872186 -0.03489949670250096 0.06971397998507721 0.9969563611936845 0.0029768594323859527 0.0 0.0 0.0 1.0
22 0.9986295347545738 0.0 0.052335956242943835 0.0030301539116141286 0.0 0.9999999999999999 0.0 0.0011719109869876942 -0.052335956242943835 0.0 0.9986295347545738 0.0034295484901238314 0.0 0.0 0.0 1.0
23 0.9987820251299122 -0.034899496702500976 0.03487823687206265 0.0029494479841697023 0.03487823687206265 0.9993908270190959 0.001217974870087876 0.001591913316979513 -0.034899496702500976 0.0 0.9993908270190959 0.0008095422726125934 0.0 0.0 0.0 1.0
24 0.9993908270190959 -0.034814483282576254 0.0024344658254111962 0.0005068820212194663 0.03489949670250097 0.9969563611936847 -0.06971397998507722 1.4282090566459793e-05 0.0 0.0697564737441253 0.9975640502598244 0.0036682904631176166 0.0 0.0 0.0 1.0
25 0.9975640502598243 -0.06966087492121549 0.003650771757534602 0.0001730932832256038 0.06975647374412529 0.9961969233988567 -0.052208468483931986 0.003323632260488729 0.0 0.052335956242943835 0.9986295347545739 0.0012548561622638243 0.0 0.0 0.0 1.0
26 0.9992386149554826 -0.014975798207882784 0.036026599199558744 0.001238793744594255 0.017441774902830158 0.9974546037102026 -0.06913825298314946 0.004672548470977538 -0.03489949670250097 0.06971397998507722 0.9969563611936846 0.00043923972388733637 0.0 0.0 0.0 1.0
27 0.9986295347545739 0.003650771757534602 0.052208468483931986 0.004162611811919196 0.0 0.9975640502598243 -0.06975647374412529 0.0028860337318173178 -0.052335956242943835 0.06966087492121549 0.9961969233988567 0.0025730347358473 0.0 0.0 0.0 1.0
28 0.9986295347545737 -0.052264231633826735 0.0027390523158633317 0.0020745825304537184 0.052335956242943835 0.9972609476841365 -0.052264231633826735 0.00346359115583872 2.168404344971009e-19 0.052335956242943835 0.9986295347545737 0.0006248915867329474 0.0 0.0 0.0 1.0
29 0.9998476951563912 0.0009133883796357411 0.017428488520812163 0.0038554102074718115 0.0 0.9986295347545738 -0.052335956242943835 0.002518621951266556 -0.01745240643728351 0.05232798522331314 0.9984774386394599 0.0006160252689479168 0.0 0.0 0.0 1.0
30 0.9984774386394601 -0.01375967752504415 0.05341793521271867 0.0001271046768727291 0.017428488520812163 0.9974758311756821 -0.0688346860838513 0.0003727897703417277 -0.05233595624294384 0.06966087492121549 0.9961969233988568 0.0029740524117834 0.0 0.0 0.0 1.0
31 0.9969563611936847 -0.0697564737441253 0.034814483282576254 0.0028063621922736564 0.06971397998507722 0.9975640502598244 0.0024344658254111962 0.004984071554297397 -0.03489949670250097 0.0 0.9993908270190959 0.0015163044204886628 0.0 0.0 0.0 1.0
32 0.9975640502598243 -0.06966087492121549 0.003650771757534602 0.004268862118049902 0.06975647374412529 0.9961969233988567 -0.052208468483931986 0.00039811627071452025 0.0 0.052335956242943835 0.9986295347545739 0.002624348562163134 0.0 0.0 0.0 1.0
33 0.9987820251299122 -0.034899496702500976 0.03487823687206265 0.003281392409027611 0.03487823687206265 0.9993908270190959 0.001217974870087876 0.0005616873168089453 -0.034899496702500976 0.0 0.9993908270190959 0.0022516188432996774 0.0 0.0 0.0 1.0
34 0.9961969233988566 -0.05111223532141131 0.0705636536121907 0.0031726667286144324 0.05220846848393198 0.9985411533919821 -0.013778272793499143 0.004433073015195288 -0.06975647374412529 0.01740989325235717 0.9974121164231596 0.0019279495522969863 0.0 0.0 0.0 1.0
35 0.9969563611936845 -0.06783882564751789 0.03841754300073461 0.0022267254012091594 0.06971397998507722 0.9963243334957702 -0.04977733900932569 4.986724446152224e-05 -0.03489949670250097 0.052304074592470835 0.9980211966240683 0.0012713146905760165 0.0 0.0 0.0 1.0
36 0.9975640502598244 0.004865965629214842 0.06958655048003273 0.0019602628108635785 0.0 0.9975640502598244 -0.0697564737441253 0.002335674965474048 -0.0697564737441253 0.06958655048003273 0.9951340343707853 0.0041186703813439205 0.0 0.0 0.0 1.0
37 0.9980211966240685 -0.033981349371999876 0.05290518862947863 0.0032123358916344848 0.03485166815518733 0.9992704917502259 -0.015615554555080624 0.003237307095584352 -0.05233595624294385 0.017428488520812163 0.9984774386394601 0.0020110205379021144 0.0 0.0 0.0 1.0
38 0.9996954135095478 -0.016515239254650736 0.018339222457229402 0.00161858638693285 0.017449748351250485 0.9984933794646964 -0.0520238161580604 0.002803461941066742 -0.01745240643728351 0.05232798522331314 0.9984774386394599 0.0003733542635352705 0.0 0.0 0.0 1.0
39 0.99741211642316 -0.012544668733276493 0.07079337044275877 0.00257189229303078 0.017409893252357173 0.9974970392330308 -0.06853139673375494 0.0013044204936875042 -0.0697564737441253 0.06958655048003273 0.9951340343707854 0.0002491492761229763 0.0 0.0 0.0 1.0
40 0.9974121164231599 -0.06944200496223116 0.0186246599727023 0.0025154642145511184 0.06974584949530102 0.997433363302684 -0.016192660339651572 0.0015217423123190011 -0.017452406437283515 0.017449748351250485 0.999695413509548 0.0026112834229092296 0.0 0.0 0.0 1.0
41 0.9969563611936846 -0.03367750462705345 0.07031244240916691 0.0007867736996092612 0.03481448328257625 0.9992811022425254 -0.015007679858355775 0.004248219457385815 -0.06975647374412529 0.01740989325235717 0.9974121164231597 0.0012945373565319473 0.0 0.0 0.0 1.0
42 0.9987820251299122 -0.034899496702500976 0.03487823687206265 0.0023656103957360513 0.03487823687206265 0.9993908270190959 0.001217974870087876 0.004687929180614321 -0.034899496702500976 0.0 0.9993908270190959 0.0035301864664177003 0.0 0.0 0.0 1.0
43 0.9998476951563912 0.0009133883796357411 0.017428488520812163 0.002003684545395931 0.0 0.9986295347545738 -0.052335956242943835 0.0016932239812487825 -0.01745240643728351 0.05232798522331314 0.9984774386394599 0.004783928732194566 0.0 0.0 0.0 1.0
44 0.9998476951563913 0.0006090802009086826 0.017441774902830158 0.001314220195449234 0.0 0.9993908270190958 -0.03489949670250097 0.004848849031962917 -0.01745240643728351 0.03489418134011368 0.9992386149554826 0.0006063479329186566 0.0 0.0 0.0 1.0
45 0.9980211966240684 -0.0321142843959881 0.05405889220837054 0.0006628179374625709 0.03485166815518733 0.9981167881713339 -0.05048007921290736 0.004439544944886839 -0.052335956242943835 0.05226423163382674 0.9972609476841366 0.00016656784314808605 0.0 0.0 0.0 1.0
46 0.9998476951563912 0.0009133883796357411 0.017428488520812163 0.0002573998052578824 0.0 0.9986295347545738 -0.052335956242943835 0.001883302864841408 -0.01745240643728351 0.05232798522331314 0.9984774386394599 0.0035790092175467685 0.0 0.0 0.0 1.0
47 0.9961969233988565 -0.048618463132104814 0.0723044594290333 0.003455681342348049 0.05220846848393197 0.9974520143150918 -0.048618463132104814 0.0019642536788253813 -0.06975647374412527 0.05220846848393197 0.9961969233988565 0.0009165158336262836 0.0 0.0 0.0 1.0
48 0.9992386149554827 -0.016840760916206544 0.035193453277733946 0.002731304401230096 0.017441774902830158 0.9997060434247672 -0.016840760916206544 0.0034527883173404183 -0.034899496702500976 0.017441774902830158 0.9992386149554827 0.004025876975875617 0.0 0.0 0.0 1.0
49 0.9975640502598243 0.0012174183314141707 0.069745849495301 0.0028692124777556986 0.0 0.9998476951563913 -0.01745240643728351 0.0011846179236258436 -0.0697564737441253 0.017409893252357173 0.9974121164231597 0.0020545234239290906 0.0 0.0 0.0 1.0
50 0.9998476951563913 0.0012174183314141707 0.017409893252357173 0.0008716436644175207 0.0 0.9975640502598243 -0.0697564737441253 0.0007385421745008192 -0.01745240643728351 0.069745849495301 0.9974121164231597 0.004538812294831125 0.0 0.0 0.0 1.0
51 0.9992386149554827 -0.034269527706355565 0.01864912471490822 0.002961891182307757 0.03489418134011367 0.9988032817223754 -0.03426952770635557 0.0009357504910080755 -0.01745240643728351 0.03489418134011368 0.9992386149554827 0.0029774388278230395 0.0 0.0 0.0 1.0
52 0.9974121164231597 -0.015007679858355775 0.07031244240916691 0.004708722527252497 0.01740989325235717 0.9992811022425254 -0.03367750462705345 0.004075226104137285 -0.06975647374412529 0.03481448328257625 0.9969563611936846 0.004307526755331695 0.0 0.0 0.0 1.0
53 0.9996954135095479 -0.01745240643728351 0.017449748351250488 0.00016169473342725338 0.017449748351250488 0.9998476951563913 0.000304586490452135 0.0028263178012457634 -0.01745240643728351 -2.710505431213761e-20 0.9998476951563913 0.0026014355196802915 0.0 0.0 0.0 1.0
54 0.9972609476841364 -0.04952893309396769 0.05493165763665701 0.0005773933996805336 0.05226423163382672 0.9974042986062867 -0.04952893309396769 8.208438437018906e-05 -0.05233595624294383 0.05226423163382672 0.9972609476841364 0.0038398957102802533 0.0 0.0 0.0 1.0
55 0.9961969233988568 -0.06594467181901233 0.056947256907908424 0.00188291341143566 0.06966087492121549 0.9953886993350356 -0.06594467181901233 0.00491593912385802 -0.05233595624294384 0.06966087492121549 0.9961969233988568 0.001180592146918078 0.0 0.0 0.0 1.0
56 0.9974121164231596 -0.0687497115097658 0.021036805356262837 0.0004114602370489223 0.069745849495301 0.9962606381513788 -0.05099271858203016 0.004819965439518927 -0.01745240643728351 0.05232798522331313 0.9984774386394599 0.004880063461231453 0.0 0.0 0.0 1.0
57 0.9961969233988565 -0.048618463132104814 0.0723044594290333 0.004625991311007381 0.05220846848393197 0.9974520143150918 -0.048618463132104814 0.001807781166517572 -0.06975647374412527 0.05220846848393197 0.9961969233988565 0.0020243131051223473 0.0 0.0 0.0 1.0
58 0.9984774386394601 -0.01375967752504415 0.05341793521271867 0.0004056400440349095 0.017428488520812163 0.9974758311756821 -0.0688346860838513 0.0014489793562554216 -0.05233595624294384 0.06966087492121549 0.9961969233988568 0.0027302281784878646 0.0 0.0 0.0 1.0
59 0.9961969233988565 -0.048618463132104814 0.0723044594290333 0.00263014417852898 0.05220846848393197 0.9974520143150918 -0.048618463132104814 0.0040626573182029205 -0.06975647374412527 0.05220846848393197 0.9961969233988565 0.0005722186646802046 0.0 0.0 0.0 1.0
60 0.9980211966240684 -0.052335956242943835 0.03485166815518733 0.004126316367429582 0.05230407459247084 0.9986295347545739 0.0018264985323228533 0.004661158862385031 -0.03489949670250097 -2.168404344971009e-19 0.9993908270190958 0.0045510304747053846 0.0 0.0 0.0 1.0
61 0.9969563611936847 -0.06849897204055769 0.03722774106542756 0.0024332592828793477 0.06971397998507722 0.997041322825731 -0.03238150046796883 0.0008436509207369214 -0.034899496702500976 0.03487823687206266 0.9987820251299123 0.004917588963953981 0.0 0.0 0.0 1.0
62 0.9961969233988567 -0.052335956242943835 0.06966087492121549 0.004315018022289292 0.052208468483931986 0.9986295347545739 0.003650771757534602 0.004661124281759587 -0.06975647374412529 0.0 0.9975640502598243 0.003938905085003129 0.0 0.0 0.0 1.0
63 0.9975640502598244 0.0024344658254111962 0.06971397998507722 0.0010295555936372615 0.0 0.9993908270190959 -0.03489949670250097 0.002846576594688604 -0.0697564737441253 0.034814483282576254 0.9969563611936847 0.0007721040110657996 0.0 0.0 0.0 1.0
64 0.9993908270190959 0.001217974870087876 0.03487823687206265 0.0019066216796560737 0.0 0.9993908270190959 -0.034899496702500976 0.00152721499489336 -0.034899496702500976 0.03487823687206265 0.9987820251299122 0.0014468160253166768 0.0 0.0 0.0 1.0
65 0.9992386149554827 -0.016223985536214392 0.03548200494855918 2.0778672571583055e-05 0.01744177490283016 0.9992598715479458 -0.034285472174406584 0.00497774500729205 -0.03489949670250097 0.03487823687206265 0.9987820251299122 0.0011796366132073395 0.0 0.0 0.0 1.0
66 0.9992386149554826 -0.033597806569516026 0.0198337534411986 0.0001293740251681963 0.03489418134011367 0.9969988484807274 -0.06910638347292569 0.001891547242283473 -0.01745240643728351 0.069745849495301 0.9974121164231597 0.0008596502621227176 0.0 0.0 0.0 1.0
67 0.9987820251299122 -0.034285472174406584 0.03548200494855919 0.0019584298912702193 0.03487823687206265 0.9992598715479458 -0.016223985536214392 0.0015760672675520471 -0.034899496702500976 0.01744177490283016 0.9992386149554827 0.0026349453951807125 0.0 0.0 0.0 1.0
68 0.9984774386394599 -0.01745240643728351 0.05232798522331314 0.0005345180412524625 0.017428488520812163 0.9998476951563912 0.0009133883796357411 0.0024640784674607305 -0.052335956242943835 0.0 0.9986295347545738 0.004956441040234385 0.0 0.0 0.0 1.0
69 0.9992386149554827 -0.016223985536214392 0.03548200494855918 0.0027514542384185032 0.01744177490283016 0.9992598715479458 -0.034285472174406584 0.004144219069779967 -0.03489949670250097 0.03487823687206265 0.9987820251299122 0.001557760615027663 0.0 0.0 0.0 1.0
70 0.9986295347545737 -0.052264231633826735 0.0027390523158633317 7.320584047458612e-05 0.052335956242943835 0.9972609476841365 -0.052264231633826735 0.0024418094993718985 2.168404344971009e-19 0.052335956242943835 0.9986295347545737 0.003649899870665671 0.0 0.0 0.0 1.0
71 0.9984774386394598 -0.014689853375883433 0.053169659917837155 0.004930822706610088 0.01742848852081216 0.9985252416937292 -0.051415848610707256 0.002502624628815819 -0.05233595624294383 0.05226423163382673 0.9972609476841365 0.0014747454940710108 0.0 0.0 0.0 1.0
72 0.9998476951563913 -0.017441774902830158 0.0006090802009086826 0.0030788293046594903 0.01745240643728351 0.9992386149554826 -0.03489418134011368 0.00457436134266785 0.0 0.03489949670250097 0.9993908270190958 0.004557204584778026 0.0 0.0 0.0 1.0
73 0.9974121164231597 -0.06910638347292569 0.0198337534411986 0.00030182399794142833 0.069745849495301 0.9969988484807274 -0.03359780656951603 0.0008656162242326243 -0.01745240643728351 0.03489418134011368 0.9992386149554826 0.0040502900469008615 0.0 0.0 0.0 1.0
74 0.9961969233988567 -0.06975647374412529 0.052208468483931986 0.0005932533051868383 0.06966087492121549 0.9975640502598243 0.003650771757534602 0.0045392945757871984 -0.052335956242943835 0.0 0.9986295347545739 0.0036571055864845574 0.0 0.0 0.0 1.0
75 0.9969563611936846 -0.06913825298314946 0.03602659919955875 0.003602706016319952 0.06971397998507722 0.9974546037102026 -0.014975798207882784 0.0035289849574621553 -0.034899496702500976 0.01744177490283016 0.9992386149554826 0.00024284894089070475 0.0 0.0 0.0 1.0
76 0.9969563611936847 -0.06715801489101642 0.03959564258028455 0.004841840762655927 0.06971397998507722 0.9953038541222166 -0.0671580148910164 0.003870405352934467 -0.03489949670250097 0.06971397998507721 0.9969563611936847 0.003219318360142844 0.0 0.0 0.0 1.0
77 0.9980211966240685 -0.033981349371999876 0.05290518862947863 0.0026726456090350736 0.03485166815518733 0.9992704917502259 -0.015615554555080624 0.0008332167437500548 -0.05233595624294385 0.017428488520812163 0.9984774386394601 0.000623914170444394 0.0 0.0 0.0 1.0
78 0.9969563611936846 -0.03367750462705345 0.07031244240916691 0.004980115191339622 0.03481448328257625 0.9992811022425254 -0.015007679858355775 0.0010532845358646287 -0.06975647374412529 0.01740989325235717 0.9974121164231597 0.00032022825009497493 0.0 0.0 0.0 1.0
79 0.9992386149554827 -0.016223985536214392 0.03548200494855918 0.0033928138075182495 0.01744177490283016 0.9992598715479458 -0.034285472174406584 0.004838932971569409 -0.03489949670250097 0.03487823687206265 0.9987820251299122 0.0010719580813601216 0.0 0.0 0.0 1.0
80 0.9993908270190959 0.0024344658254111962 0.034814483282576254 0.00041396235633765435 0.0 0.9975640502598244 -0.0697564737441253 0.0031557367486654436 -0.03489949670250097 0.06971397998507722 0.9969563611936847 0.0013916925265503289 0.0 0.0 0.0 1.0
81 0.9961969233988568 -0.04734917149149742 0.07314195628858536 0.0024033923684634207 0.052208468483931986 0.9964515883631071 -0.06601899626019511 0.00358678675092178 -0.0697564737441253 0.06958655048003273 0.9951340343707853 0.0014029166063000032 0.0 0.0 0.0 1.0
82 0.9972609476841366 -0.05048007921290736 0.05405889220837053 0.004048867650283278 0.05226423163382674 0.9981167881713339 -0.0321142843959881 0.0028994840700279317 -0.05233595624294383 0.03485166815518733 0.9980211966240684 0.0008862554103781895 0.0 0.0 0.0 1.0
83 0.9969563611936845 -0.06783882564751789 0.03841754300073461 0.0020012729985480478 0.06971397998507722 0.9963243334957702 -0.04977733900932569 0.0047521726428433175 -0.03489949670250097 0.052304074592470835 0.9980211966240683 0.0025485397268629538 0.0 0.0 0.0 1.0
84 0.9998476951563913 0.0 0.01745240643728351 0.003390902290065381 0.0 1.0 0.0 0.0035713929695160573 -0.01745240643728351 0.0 0.9998476951563913 0.00354066157226428 0.0 0.0 0.0 1.0
85 0.9986295347545739 0.0018264985323228533 0.05230407459247084 0.004639733555616427 -2.168404344971009e-19 0.9993908270190958 -0.03489949670250097 0.004669427964651857 -0.052335956242943835 0.03485166815518733 0.9980211966240684 0.001018239999522413 0.0 0.0 0.0 1.0
86 0.9969563611936847 -0.06715801489101642 0.03959564258028455 0.0025172670035165474 0.06971397998507722 0.9953038541222166 -0.0671580148910164 0.0038083128366221213 -0.03489949670250097 0.06971397998507721 0.9969563611936847 0.002130670472056644 0.0 0.0 0.0 1.0
87 0.9996954135095478 -0.01619266033965157 0.0186246599727023 0.0006617089509420776 0.01744974835125048 0.9974333633026837 -0.06944200496223113 0.0036468851104235157 -0.017452406437283515 0.069745849495301 0.9974121164231596 0.0033150777027301658 0.0 0.0 0.0 1.0
88 0.9984774386394598 -0.014689853375883433 0.053169659917837155 0.0006337411884038196 0.01742848852081216 0.9985252416937292 -0.051415848610707256 0.001173436443580525 -0.05233595624294383 0.05226423163382673 0.9972609476841365 0.004741351526222021 0.0 0.0 0.0 1.0
89 0.9986295347545739 -0.05230407459247084 0.0018264985323228533 0.0009048113396562074 0.052335956242943835 0.9980211966240684 -0.03485166815518733 0.004886755569682728 -2.168404344971009e-19 0.03489949670250097 0.9993908270190958 0.001266127286981265 0.0 0.0 0.0 1.0
90 0.9974121164231597 -0.015007679858355775 0.07031244240916691 0.0005416233794896991 0.01740989325235717 0.9992811022425254 -0.03367750462705345 0.004243657555485366 -0.06975647374412529 0.03481448328257625 0.9969563611936846 0.0002106976752342238 0.0 0.0 0.0 1.0
91 0.9993908270190958 0.0006090802009086826 0.03489418134011368 0.0003526090700975726 0.0 0.9998476951563913 -0.01745240643728351 0.00199434700448603 -0.03489949670250097 0.017441774902830158 0.9992386149554826 0.0027451600302836566 0.0 0.0 0.0 1.0
92 1.0 0.0 0.0 0.0024666476832827865 0.0 0.9993908270190958 -0.03489949670250097 0.004003707906251596 0.0 0.03489949670250097 0.9993908270190958 0.004186207760912878 0.0 0.0 0.0 1.0
93 0.9998476951563913 -0.01745240643728351 0.0 0.000785328407906335 0.01745240643728351 0.9998476951563913 0.0 0.00485924526813188 0.0 0.0 1.0 0.0014654605072928768 0.0 0.0 0.0 1.0
94 0.9980211966240685 -0.033052850993295343 0.05349018723352579 7.838793677409916e-05 0.034851668155187324 0.9988457690094182 -0.033052850993295343 0.0029815990253330865 -0.052335956242943835 0.034851668155187324 0.9980211966240685 0.004588524645299031 0.0 0.0 0.0 1.0
95 0.9992386149554827 -0.03458978039552187 0.01804819863694001 0.0005923847455352449 0.03489418134011368 0.9992492448707019 -0.016832787467786218 0.004048253642242875 -0.01745240643728351 0.017449748351250485 0.999695413509548 0.003577707746736771 0.0 0.0 0.0 1.0
96 1.0 0.0 0.0 0.00012845115090689697 0.0 0.9993908270190958 -0.03489949670250097 0.0015422814374415317 0.0 0.03489949670250097 0.9993908270190958 0.00030273077915584924 0.0 0.0 0.0 1.0
97 0.9951340343707853 -0.0697564737441253 0.06958655048003273 0.0007970875040960885 0.06958655048003273 0.9975640502598244 0.004865965629214842 0.0018452008916165536 -0.0697564737441253 0.0 0.9975640502598244 0.0029009637932554183 0.0 0.0 0.0 1.0
98 0.9986295347545739 -0.05230407459247084 0.0018264985323228533 0.004155885367951813 0.052335956242943835 0.9980211966240684 -0.03485166815518733 0.003006044535971146 -2.168404344971009e-19 0.03489949670250097 0.9993908270190958 0.00310055878975396 0.0 0.0 0.0 1.0
99 0.9993908270190959 -0.03487823687206265 0.001217974870087876 0.0046718829181023784 0.034899496702500976 0.9987820251299122 -0.03487823687206265 0.0010054003085126339 0.0 0.034899496702500976 0.9993908270190959 0.0014251731243212701 0.0 0.0 0.0 1.0
100 0.9996954135095479 -0.01745240643728351 0.017449748351250488 0.0034195007146538155 0.017449748351250488 0.9998476951563913 0.000304586490452135 0.0008439163703450736 -0.01745240643728351 -2.710505431213761e-20 0.9998476951563913 0.0029630888700060793 0.0 0.0 0.0 1.0
