1 0.999695413509548 -0.016832787467786218 0.01804819863694001 0.0021270281518603663 0.017449748351250485 0.9992492448707019 -0.03458978039552187 0.00366404949950243 -0.01745240643728351 0.03489418134011368 0.9992386149554827 0.0022572191258538386 0.0 0.0 0.0 1.0
2 0.9931589376748557 -0.04492692427853711 0.10778170527238139 4.088715309195634e-06 0.05204925439864352 0.9965785329604125 -0.06420360394103235 0.0007409545759811759 -0.10452846326765348 0.06937434048221468 0.9920992900156518 0.0024816893539004025 0.0 0.0 0.0 1.0
3 0.9998476951563912 0.0021269133133515108 0.017322318846205987 0.004837108185086807 -2.168404344971009e-19 0.992546151641322 -0.12186934340514749 0.0011681613504130467 -0.017452406437283515 0.12185078211385947 0.9923949820549218 0.002413146487371965 0.0 0.0 0.0 1.0
4 0.9975640502598245 -0.06949102930147369 0.0060796772806267566 0.0015023475272370995 0.0697564737441253 0.9937680178757647 -0.0869434357387572 0.003139186521808864 -4.336808689942018e-19 0.08715574274765818 0.9961946980917458 0.00034550910343264074 0.0 0.0 0.0 1.0
5 0.9925461516413219 -0.12096094779983385 0.014852136862001762 0.004248996358899273 0.12186934340514746 0.9851478631379981 -0.12096094779983385 0.0008127770978391963 0.0 0.12186934340514746 0.9925461516413219 0.002687280928920799 0.0 0.0 0.0 1.0
6 0.9851478631379982 -0.11973972248981772 0.12306943817494793 0.0003068204054099749 0.12096094779983387 0.9926541875838997 -0.0024724440365862443 0.001483400569273919 -0.12186934340514748 0.017322318846205984 0.9923949820549218 0.003940255643497151 0.0 0.0 0.0 1.0
7 0.9961969233988566 -0.06391706950203156 0.059214002034358636 0.001571046092319204 0.06966087492121549 0.9924808995772079 -0.10064306473685539 0.0030472864666072196 -0.05233595624294383 0.10438521064158734 0.9931589376748557 0.0037415530458585478 0.0 0.0 0.0 1.0
8 0.9998476951563912 0.0009133883796357411 0.017428488520812163 0.004612505989609243 0.0 0.9986295347545738 -0.052335956242943835 0.001080853530096373 -0.01745240643728351 0.05232798522331314 0.9984774386394599 0.001725788588464407 0.0 0.0 0.0 1.0
9 0.9960429728140491 -0.011331141936027835 0.08814761216378837 0.004385029678819007 0.01738599476176409 0.997518221422069 -0.06822847731773439 0.0008698741751241557 -0.08715574274765818 0.0694910293014737 0.9937680178757647 0.0016162281206636665 0.0 0.0 0.0 1.0
10 0.9993908270190958 0.0006090802009086826 0.03489418134011368 5.880115370038519e-05 0.0 0.9998476951563913 -0.01745240643728351 0.00021085955509631883 -0.03489949670250097 0.017441774902830158 0.9992386149554826 0.0018510141907689438 0.0 0.0 0.0 1.0
11 0.9896648241902407 -0.13563141526991696 0.04655808149375697 0.0018432464509762641 0.13908832046729191 0.9869231214160042 -0.08146896049465024 0.001671181346138404 -0.03489949670250096 0.08710264982404567 0.995587843197948 0.004072363118960181 0.0 0.0 0.0 1.0
12 0.9839298882679104 -0.07038866397899324 0.16409573716690454 0.004272620301762701 0.0860827109277712 0.9921625973029846 -0.0905712282809579 0.0035073311332531817 -0.15643446504023087 0.10324154442978847 0.9822776805218211 0.00365579193375465 0.0 0.0 0.0 1.0
13 0.9948294478803331 -0.04770910370664492 0.08965607092450772 0.0030786190340142895 0.05213680212878224 0.9974996718231505 -0.04770910370664492 0.002877295571017828 -0.08715574274765817 0.05213680212878224 0.9948294478803331 0.00033574831369414306 0.0 0.0 0.0 1.0
14 0.9974121164231599 -0.010066373861703797 0.07118804765934883 0.0008807567183413018 0.017409893252357173 0.9944976797338706 -0.10330179388998874 0.004093292472504299 -0.0697564737441253 0.10427383718471568 0.9920992900156521 0.0036650851875623114 0.0 0.0 0.0 1.0
15 0.9943704248665338 -0.002737226108376292 0.10592433971463176 0.0008051500431248698 0.017356800328744648 0.990371135879981 -0.13734538469910176 0.0027653916197634097 -0.10452846326765348 0.13841069615108434 0.9848432766475461 0.0041719946445136595 0.0 0.0 0.0 1.0
16 0.9945218953682732 0.014547550371549627 0.10351119944858336 0.001429939570270752 -8.673617379884035e-19 0.9902680687415701 -0.1391731009600654 0.002222170726815132 -0.10452846326765347 0.1384106961510843 0.9848432766475459 0.003221138338756805 0.0 0.0 0.0 1.0
17 0.9876883405951377 0.0027301578646811275 0.15641063931349788 0.0032362917199839176 -2.168404344971009e-19 0.9998476951563912 -0.017452406437283508 0.0010281210981894356 -0.15643446504023087 0.01723753835343245 0.9875379108768891 0.0019217262961205106 0.0 0.0 0.0 1.0
18 0.9896648241902407 -0.13392393866480656 0.05126318769843625 0.0011117446649894164 0.13908832046729191 0.9834786887980688 -0.11586245202661435 0.0034539202559566266 -0.03489949670250097 0.12179510389394452 0.9919415193434417 0.0015819943716260977 0.0 0.0 0.0 1.0
19 0.985147863137998 -0.10855786840165875 0.13303712625701153 0.0008716975592594778 0.12096094779983384 0.9886613510132389 -0.08897854865102373 0.0016262511567723815 -0.12186934340514748 0.10374932395329073 0.987108879970813 0.0036561427036198987 0.0 0.0 0.0 1.0
20 0.987086667544493 -0.154416065738217 0.04260973360440322 0.0035082678793869654 0.15633916939084616 0.9866204753718402 -0.046239611711436555 0.002228497133886297 -0.03489949670250096 0.05230407459247085 0.9980211966240684 0.004479539502333425 0.0 0.0 0.0 1.0
21 0.9998476951563912 -0.017428488520812163 0.0009133883796357411 0.0018333461304059012 0.01745240643728351 0.9984774386394599 -0.05232798522331314 0.001893829741358176 0.0 0.052335956242943835 0.9986295347545738 0.0035926838264327917 0.0 0.0 0.0 1.0
22 0.9780762255597133 -0.12802796354322687 0.16424292236147922 0.0035936726505976704 0.13745964914272663 0.9893745264441065 -0.0473591731458464 0.004779301782322818 -0.15643446504023087 0.0688976557981034 0.9852823814384902 0.004435142216063863 0.0 0.0 0.0 1.0
23 1.0 0.0 0.0 0.0021503096104456593 0.0 0.9876883405951378 -0.15643446504023087 0.00022042326370163068 0.0 0.15643446504023087 0.9876883405951378 0.0010527053073927772 0.0 0.0 0.0 1.0
24 0.9907374393020275 -0.09318589711879884 0.09877102279224317 0.0011135687481884666 0.10413070090691416 0.9882191408700374 -0.1121593810018578 0.00020641871274530322 -0.08715574274765817 0.12140559376013016 0.9887692138764507 0.0004230731902412327 0.0 0.0 0.0 1.0
25 0.9889109407697048 -0.13299333854608866 0.06609026500433302 0.0042861900589319735 0.1389823690621015 0.9856046366072336 -0.09626734331126481 0.003769894300163523 -0.05233595624294383 0.10438521064158733 0.9931589376748559 0.0002958269772841521 0.0 0.0 0.0 1.0
26 0.9955878431979481 -0.08588930971605516 0.03778720620736277 0.00423781732212945 0.08710264982404567 0.9956939967023986 -0.031726854940788446 0.004450425986665609 -0.034899496702500976 0.03487823687206265 0.9987820251299123 0.004800168778871371 0.0 0.0 0.0 1.0
27 0.9852823814384903 -0.05589007944292149 0.16153924553111257 0.004931074035935841 0.0688976557981034 0.9947190889387766 -0.07607264374488616 0.00420635464970155 -0.15643446504023087 0.08608271092777121 0.9839298882679103 0.003703961123842168 0.0 0.0 0.0 1.0
28 0.9924038765061041 -0.08249227711726152 0.09126647857601583 0.004746162215248203 0.0868240888334652 0.9952269982671256 -0.04455108885813462 0.002660623963569078 -0.08715574274765817 0.052136802128782245 0.994829447880333 0.0005044488111660867 0.0 0.0 0.0 1.0
29 0.9992386149554824 -0.014344766469495002 0.036282475891048604 0.0006845348123583867 0.017441774902830158 0.9960960576513518 -0.08653570603903149 0.0010269986832714367 -0.03489949670250096 0.08710264982404564 0.9955878431979478 0.003988247838133387 0.0 0.0 0.0 1.0
30 0.9939160595006971 -0.023788769920473327 0.10754050907577647 9.694950037525685e-05 0.03470831360797006 0.9942973783687632 -0.10083678066804246 0.001573777376679329 -0.10452846326765347 0.10395584540887966 0.9890738003669026 0.00010663139915736253 0.0 0.0 0.0 1.0
31 0.9960429728140489 -0.01592890257293753 0.08743378277630406 0.004796918294931824 0.017385994761764088 0.9997219599713542 -0.01592890257293753 0.0024382125685363664 -0.0871557427476582 0.017385994761764088 0.9960429728140489 0.002678975592002012 0.0 0.0 0.0 1.0
32 0.9920992900156517 -0.09529471862955809 0.08159604985385495 0.0018434918543430217 0.10427383718471565 0.987997494797837 -0.11396454339825576 0.001858029275499984 -0.06975647374412529 0.12157247580974431 0.9901283591011186 0.00013724537119498003 0.0 0.0 0.0 1.0
33 0.9876883405951378 -0.15643446504023087 0.0 0.0028540904888862033 0.15643446504023087 0.9876883405951378 0.0 0.004328823959098843 0.0 0.0 1.0 0.0017923355300572459 0.0 0.0 0.0 1.0
34 0.9911859016360158 -0.034888936251953113 0.12780168435981137 0.0019503548154285995 0.05194585196140251 0.9897986074920639 -0.13266629214225634 0.0036290827796065417 -0.12186934340514746 0.13813572576990213 0.9828867607227294 0.0016085629253473027 0.0 0.0 0.0 1.0
35 0.9961969233988568 -0.06073045196024976 0.06247801225516349 0.0004924143647496193 0.0696608749212155 0.9858534879653644 -0.15244757384667065 0.0037431024635850886 -0.052335956242943835 0.15622007704270643 0.9863347480510396 0.004083269366345724 0.0 0.0 0.0 1.0
36 0.9943704248665337 -0.013794339750365245 0.10505795705990378 0.0009905664594399444 0.01735680032874465 0.9993022811728902 -0.03307101941286051 0.0024288408677251676 -0.10452846326765347 0.034708313607970075 0.9939160595006973 0.0005892687952016584 0.0 0.0 0.0 1.0
37 0.982277680521821 -0.15643446504023084 0.10324154442978846 0.003029018535763196 0.1555775006727323 0.9876883405951377 0.01635185423275279 0.0010553207876485343 -0.10452846326765346 0.0 0.9945218953682733 0.0019035402935178047 0.0 0.0 0.0 1.0
38 0.9987820251299122 -0.034285472174406584 0.03548200494855919 0.0035000884413629875 0.03487823687206265 0.9992598715479458 -0.016223985536214392 0.0019414194113252642 -0.034899496702500976 0.01744177490283016 0.9992386149554827 0.0023090118270134587 0.0 0.0 0.0 1.0
39 0.9972609476841366 -0.04351568665867654 0.05980791953212808 0.00358552970059715 0.052264231633826735 0.9867632302347887 -0.15351474700604803 0.0033184600085868175 -0.052335956242943835 0.15622007704270638 0.9863347480510395 0.004716786067976927 0.0 0.0 0.0 1.0
40 0.9919415193434415 -0.015416874063530114 0.1257550881544515 0.0016593672940915449 0.034639361146286345 0.9877520112867043 -0.15213835433067935 0.002022214026738573 -0.12186934340514748 0.15526842625975007 0.9803262614787073 0.004680930449860819 0.0 0.0 0.0 1.0
41 0.9987820251299122 -0.030388773319558863 0.03887143853170415 0.0011305361265094732 0.034878236872062644 0.9920899531411433 -0.12058620762384298 0.0007171902807772313 -0.034899496702500976 0.12179510389394455 0.9919415193434418 0.0004927972671454884 0.0 0.0 0.0 1.0
42 0.9902680687415701 0.016960934433661475 0.13813572576990213 0.0011336094089386367 0.0 0.9925461516413218 -0.12186934340514746 0.0016674287738284888 -0.1391731009600654 0.12068331933261861 0.9828867607227295 0.0009188345062764691 0.0 0.0 0.0 1.0
43 0.9890738003669026 -0.10452846326765346 0.10395584540887966 0.002733040276336814 0.10395584540887966 0.9945218953682731 0.01092619963309718 0.002776010509301444 -0.10452846326765346 8.673617379884035e-19 0.9945218953682731 0.0030102440444790997 0.0 0.0 0.0 1.0
44 0.991185901636016 -0.04152974553779955 0.12580059075204428 0.0007297511619922814 0.05194585196140253 0.9953853401609959 -0.08068242098860441 0.00029838297140058755 -0.12186934340514749 0.08650609705762917 0.9887692138764507 0.0032985597989178116 0.0 0.0 0.0 1.0
45 0.9870866675444931 -0.029422078545435076 0.15746190666308413 0.0049555809915175705 0.03446982598569867 0.9989725583771469 -0.029422078545435076 0.0034858793113948074 -0.1564344650402309 0.03446982598569867 0.9870866675444931 0.000749899667683196 0.0 0.0 0.0 1.0
46 0.9920992900156518 -0.05456549526681514 0.11296727613219062 0.004756798691297737 0.06937434048221466 0.9888706113123492 -0.1316135060143843 0.0029761690393180964 -0.10452846326765347 0.13841069615108434 0.984843276647546 0.0006537934948530278 0.0 0.0 0.0 1.0
47 0.9937680178757647 -0.07941450396586014 0.07822060602635747 0.0006415459873885937 0.08694343573875721 0.991372938625335 -0.09808432873455784 0.00018877512725570922 -0.0697564737441253 0.10427383718471568 0.9920992900156521 0.0008005189587496203 0.0 0.0 0.0 1.0
48 0.9960429728140489 -0.08612638617019147 0.02192354699894863 0.0036314723491322216 0.08714246850588939 0.9949090549229773 -0.050617809266781826 0.001943296570154528 -0.017452406437283508 0.052327985223313146 0.99847743863946 0.0020508865229140775 0.0 0.0 0.0 1.0
49 0.9803262614787073 -0.15213835433067935 0.1257550881544515 0.0001055947919665301 0.15526842625975007 0.9877520112867043 -0.015416874063530114 0.0018157271099145322 -0.12186934340514748 0.034639361146286345 0.9919415193434415 0.0046551835584431435 0.0 0.0 0.0 1.0
50 0.9987820251299122 -0.029013667659071093 0.03990831199588074 0.0008044174698843831 0.03487823687206265 0.9872772007917278 -0.15513618981252253 0.0026930464346407836 -0.03489949670250096 0.1563391693908462 0.9870866675444931 0.001983749530277011 0.0 0.0 0.0 1.0
51 0.9911859016360163 -0.11794891635128256 0.0603204901302689 0.003934364054828707 0.12170232570552784 0.9905732762581319 -0.06287390779247534 0.0028639092533888273 -0.052335956242943835 0.06966087492121548 0.9961969233988568 0.003661449157025911 0.0 0.0 0.0 1.0
52 0.9902680687415703 -0.1386435052934044 0.012129734984669321 0.003122691334513138 0.13917310096006547 0.9864997997699045 -0.08630754905046056 0.0010154670923938052 -8.673617379884035e-19 0.08715574274765817 0.9961946980917455 0.001092586090371549 0.0 0.0 0.0 1.0
53 0.9901172461182298 0.004530615342973373 0.14016887123704255 0.0009503244619913098 0.01728256081754169 0.9879178754130273 -0.15401163764793263 0.0036508488988868017 -0.13917310096006544 0.1549120555800101 0.9780762255597133 0.0003863941633921064 0.0 0.0 0.0 1.0
54 0.9852823814384905 -0.04448552587888725 0.1650444389071501 0.00015825787452616147 0.06889765579810342 0.986989443856492 -0.14527543061845935 0.0008063687464128344 -0.1564344650402309 0.15450849718747375 0.9755282581475769 0.0013683668173145574 0.0 0.0 0.0 1.0
55 0.9876883405951377 0.02177146959667788 0.1549120555800101 0.00275096568665338 0.0 0.9902680687415703 -0.13917310096006547 0.0013565673253474204 -0.15643446504023084 0.13745964914272663 0.9780762255597133 0.003971563854970419 0.0 0.0 0.0 1.0
56 0.9923949820549218 -0.0024724440365862443 0.12306943817494793 0.0021651932719179475 0.017322318846205984 0.9926541875838997 -0.11973972248981772 0.0027652732853497954 -0.12186934340514748 0.12096094779983387 0.9851478631379982 0.0019978219643807032 0.0 0.0 0.0 1.0
57 0.9896648241902407 -0.13392393866480656 0.05126318769843625 0.001969854008205033 0.13908832046729191 0.9834786887980688 -0.11586245202661435 0.0028693279720341624 -0.03489949670250097 0.12179510389394452 0.9919415193434417 0.001019372421554607 0.0 0.0 0.0 1.0
58 0.9969563611936846 -0.06345147073014153 0.04529817587530005 0.0026425442847769908 0.06971397998507721 0.9856632157975473 -0.15364890503442566 0.002834023788113506 -0.034899496702500976 0.15633916939084616 0.987086667544493 0.0034017202087634106 0.0 0.0 0.0 1.0
59 0.9901283591011186 -0.11396454339825578 0.08159604985385494 0.003919075307691352 0.12157247580974433 0.987997494797837 -0.09529471862955809 0.0042653780634993015 -0.06975647374412527 0.10427383718471565 0.9920992900156517 0.002779285970295194 0.0 0.0 0.0 1.0
60 0.9980211966240685 -0.029241049068182368 0.05566553815831462 0.003917035249688273 0.034851668155187324 0.9941069805854418 -0.1026482945698423 0.002031419759053596 -0.05233595624294383 0.10438521064158736 0.993158937674856 0.0021916426112555706 0.0 0.0 0.0 1.0
61 0.9828867607227295 -0.10145854202385209 0.15375233281603762 0.002308418385184468 0.1206833193326186 0.9852472665630425 -0.12133985398422775 0.004411013044165403 -0.1391731009600654 0.13781867790849955 0.9806308479691591 0.00028132151500192274 0.0 0.0 0.0 1.0
62 0.9939160595006971 -0.09781196795807709 0.05063285090506439 0.0009689801346834881 0.10446478735209536 0.9828483520046966 -0.1519744227333438 1.5156048513956799e-05 -0.03489949670250096 0.15633916939084616 0.9870866675444928 0.004302114330256873 0.0 0.0 0.0 1.0
63 0.9755282581475767 -0.13340862890174984 0.1747763007106798 0.001066275336374945 0.1545084971874737 0.9814820337592092 -0.11322606459978524 0.003549508039295005 -0.15643446504023084 0.13745964914272663 0.9780762255597133 0.004076639511971909 0.0 0.0 0.0 1.0
64 0.9852823814384905 -0.15393467587951018 0.07431516930457259 0.004270049072972545 0.15605339854576158 0.9874675019035499 -0.023564156820907744 0.003558416064574711 -0.06975647374412529 0.03481448328257625 0.9969563611936846 0.003686442445046817 0.0 0.0 0.0 1.0
65 0.9955878431979481 -0.08588930971605516 0.03778720620736277 0.0005641488285265172 0.08710264982404567 0.9956939967023986 -0.031726854940788446 0.0036802182410041614 -0.034899496702500976 0.03487823687206265 0.9987820251299123 0.0010717234937343834 0.0 0.0 0.0 1.0
66 0.9889109407697044 -0.13060580561201995 0.0706914051806354 0.0030503600794454535 0.13898236906210149 0.9816445510623081 -0.13060580561202 3.094068117701299e-05 -0.05233595624294382 0.13898236906210149 0.9889109407697044 0.00013145129922951027 0.0 0.0 0.0 1.0
67 0.9923949820549218 -0.0024724440365862443 0.12306943817494793 0.00466066389359694 0.017322318846205984 0.9926541875838997 -0.11973972248981772 0.0026575579793376262 -0.12186934340514748 0.12096094779983387 0.9851478631379982 0.0030104638975283348 0.0 0.0 0.0 1.0
68 0.9960429728140489 -0.0857306500516427 0.023423320632968227 0.001997333512557076 0.0871424685058894 0.9938741228746736 -0.06797365712390704 0.0029814092150205595 -0.017452406437283515 0.069745849495301 0.9974121164231597 0.0016287336622433529 0.0 0.0 0.0 1.0
69 0.9975640502598242 0.009708224763009303 0.069077608536817 0.0019575874632453633 8.673617379884035e-19 0.9902680687415703 -0.13917310096006544 0.0001659860063623586 -0.06975647374412529 0.13883408228094232 0.9878558254968148 0.0009863187974445953 0.0 0.0 0.0 1.0
70 0.9887692138764508 -0.08502364873982789 0.12290818054593475 0.0035327040033780194 0.0865060970576292 0.9962283455236339 -0.006765999342247603 0.004287649593500575 -0.12186934340514749 0.017322318846205987 0.9923949820549219 0.004552778631388035 0.0 0.0 0.0 1.0
71 0.9992386149554827 -0.016840760916206544 0.035193453277733946 0.0027554839312004258 0.017441774902830158 0.9997060434247672 -0.016840760916206544 0.0013320189353639138 -0.034899496702500976 0.017441774902830158 0.9992386149554827 0.002669612524272781 0.0 0.0 0.0 1.0
72 0.9755282581475767 -0.13033804308578126 0.1770779830473676 0.0016626895385622581 0.1545084971874737 0.9793564819928632 -0.13033804308578126 0.004694846151710646 -0.15643446504023084 0.1545084971874737 0.9755282581475767 0.0009859761323913053 0.0 0.0 0.0 1.0
73 0.9851478631379981 -0.11757362769507282 0.12514044040699351 0.0002818532600944318 0.12096094779983385 0.9924598514448819 -0.019796271804769602 0.004992856445435411 -0.12186934340514746 0.03463936114628634 0.9919415193434414 0.0014383441259021895 0.0 0.0 0.0 1.0
74 0.9755282581475768 -0.15643446504023087 0.1545084971874737 0.002143157738438716 0.1545084971874737 0.9876883405951378 0.024471741852423214 0.00033405487098843944 -0.15643446504023087 0.0 0.9876883405951378 0.003944600501359449 0.0 0.0 0.0 1.0
75 0.9852823814384906 -0.14983435830724037 0.08226964140893454 0.0006694737121263839 0.15605339854576164 0.9848809593309227 -0.07521191893390017 0.002885905637795409 -0.06975647374412532 0.08694343573875721 0.9937680178757646 0.001614600660625643 0.0 0.0 0.0 1.0
76 0.9972609476841366 -0.04557644436861352 0.05825281060045346 0.002951511831556993 0.052264231633826735 0.9915197081433027 -0.11898368987027343 0.004349178830069929 -0.05233595624294383 0.12170232570552782 0.9911859016360162 0.0017362421434130553 0.0 0.0 0.0 1.0
77 0.9848432766475458 -0.09206741387964595 0.1469942575192614 0.0009356750368427197 0.10351119944858336 0.9920053418598186 -0.0721861019192703 0.0024501943733852656 -0.13917310096006538 0.08630754905046056 0.9864997997699042 0.002758803342111416 0.0 0.0 0.0 1.0
78 0.987855825496815 -0.06732286066398674 0.14003035550916715 0.003695309979261225 0.06907760853681702 0.9975815483075083 -0.007703147099002115 0.004564013921503612 -0.13917310096006547 0.017282560817541693 0.99011724611823 0.0022752858814888265 0.0 0.0 0.0 1.0
79 0.9923949820549217 -0.12154846596491925 0.01944659388649468 0.00024762862392962824 0.12185078211385944 0.9924321018105232 -0.015195729472054031 0.00247980002146986 -0.01745240643728351 0.01744974835125048 0.9996954135095477 0.0022293694345105856 0.0 0.0 0.0 1.0
80 0.9901172461182297 -0.00036396764501088474 0.14024160034314348 0.0039696257549771095 0.017282560817541693 0.992690991176214 -0.11943998128421397 0.004156840935747293 -0.13917310096006547 0.1206833193326186 0.9828867607227295 0.0012172480880972786 0.0 0.0 0.0 1.0
81 0.9889109407697045 -0.13917310096006544 0.05182662631444331 0.003908793888204069 0.1389823690621015 0.99026806874157 0.00728375732204079 0.004598631007800256 -0.05233595624294383 4.336808689942018e-19 0.9986295347545736 0.003710298398714145 0.0 0.0 0.0 1.0
82 0.9975640502598243 0.0 0.0697564737441253 0.0018039847663389957 0.0 1.0 0.0 0.0025915780320231456 -0.0697564737441253 0.0 0.9975640502598243 0.0031898436979714943 0.0 0.0 0.0 1.0
83 0.9998476951563912 -0.017322318846205987 0.0021269133133515108 0.001135869499394101 0.017452406437283515 0.9923949820549218 -0.12185078211385947 0.0011621750279226222 -2.168404344971009e-19 0.12186934340514749 0.992546151641322 0.0030298371745199216 0.0 0.0 0.0 1.0
84 0.9911859016360163 -0.11794891635128256 0.0603204901302689 0.004905270262104856 0.12170232570552784 0.9905732762581319 -0.06287390779247534 0.004281842738253579 -0.052335956242943835 0.06966087492121548 0.9961969233988568 0.003898548796444642 0.0 0.0 0.0 1.0
85 0.9828867607227296 -0.1326662921422563 0.1278016843598114 0.0007409382556970723 0.1381357257699021 0.9897986074920642 -0.03488893625195312 0.0049769114912918255 -0.12186934340514748 0.051945851961402514 0.991185901636016 0.00020349803804379563 0.0 0.0 0.0 1.0
86 0.9961946980917455 0.012129734984669321 0.08630754905046056 0.003632963135210499 -8.673617379884035e-19 0.9902680687415703 -0.13917310096006547 0.0034003041025042315 -0.08715574274765817 0.1386435052934044 0.9864997997699045 0.004134682197217365 0.0 0.0 0.0 1.0
87 0.9848432766475461 -0.1335650114571058 0.1106530982692675 0.0006261866204642175 0.13841069615108437 0.9896723007293923 -0.03729901285508398 0.0005264831611366627 -0.10452846326765347 0.05204925439864351 0.9931589376748559 0.0032941933164130576 0.0 0.0 0.0 1.0
88 0.9975640502598242 0.00850117565345496 0.06923651956680048 0.0007404941064527366 8.673617379884035e-19 0.992546151641322 -0.12186934340514748 0.0031433792200782525 -0.06975647374412529 0.12157247580974433 0.9901283591011188 0.0028860847937248898 0.0 0.0 0.0 1.0
89 0.9901283591011188 -0.12064243823407672 0.07135288782286735 0.0036598261867160165 0.12157247580974431 0.9925433480276207 -0.008822437962979417 0.0021329162245186627 -0.06975647374412529 0.01740989325235717 0.9974121164231596 0.003973497260669514 0.0 0.0 0.0 1.0
90 0.9755282581475766 -0.1394269648999311 0.17001393770614265 0.0005729226195282233 0.1545084971874737 0.9848356740911375 -0.07890386133975341 0.003251017907971244 -0.15643446504023084 0.10324154442978845 0.982277680521821 0.004823821354591758 0.0 0.0 0.0 1.0
91 0.9980211966240684 -0.02728053694575769 0.056652126112033775 0.004829359434860013 0.034851668155187324 0.989919023654883 -0.13727959729312925 0.00319790568210169 -0.05233595624294383 0.1389823690621015 0.9889109407697048 0.0012765427645861783 0.0 0.0 0.0 1.0
92 0.9876883405951377 0.02177146959667788 0.1549120555800101 0.0013735501693821768 0.0 0.9902680687415703 -0.13917310096006547 0.00139159990364836 -0.15643446504023084 0.13745964914272663 0.9780762255597133 0.0004315907781565082 0.0 0.0 0.0 1.0
93 0.9902680687415701 0.016960934433661475 0.13813572576990213 0.003915693693102146 0.0 0.9925461516413218 -0.12186934340514746 0.0037847565858319093 -0.1391731009600654 0.12068331933261861 0.9828867607227295 0.002004891734504454 0.0 0.0 0.0 1.0
94 0.99026806874157 0.00728375732204079 0.1389823690621015 0.004751813659488516 4.336808689942018e-19 0.9986295347545736 -0.05233595624294383 2.581283113753219e-05 -0.13917310096006544 0.05182662631444331 0.9889109407697045 0.0017017562214530408 0.0 0.0 0.0 1.0
95 0.9852823814384905 -0.06975647374412529 0.15605339854576158 0.002298671367843086 0.0688976557981034 0.9975640502598243 0.010912316653255151 0.0033857722999212944 -0.15643446504023087 0.0 0.9876883405951378 0.004441158575642609 0.0 0.0 0.0 1.0
96 0.9864997997699042 -0.12938910068044204 0.10038229763780387 0.0013668638780587967 0.13864350529340438 0.9861111792053371 -0.09144791242131517 0.003919443898258707 -0.08715574274765814 0.10413070090691415 0.9907374393020273 0.0006736683778048235 0.0 0.0 0.0 1.0
97 0.9931589376748555 -0.039224494879304246 0.10998528773438437 0.00399964238203601 0.0520492543986435 0.9918525997101553 -0.11627250562687337 0.0028327269011654 -0.10452846326765344 0.12120173039057423 0.987108879970813 0.0005515164982729132 0.0 0.0 0.0 1.0
98 0.9863347480510394 -0.1513339636795067 0.06512907357042785 0.0028570970134389985 0.1562200770427064 0.9846434451733282 -0.07792671817784678 0.0009623610686659567 -0.05233595624294382 0.08703629883128321 0.9948294478803329 0.0037879106721016268 0.0 0.0 0.0 1.0
99 0.9806308479691593 -0.129220337293968 0.1471911832988663 0.0038951415677571173 0.13781867790849958 0.9892069492419001 -0.049755638786833395 3.50505783233257e-05 -0.13917310096006544 0.069077608536817 0.9878558254968148 0.002875722273496318 0.0 0.0 0.0 1.0
100 0.9780762255597133 -0.11625908675733157 0.17277361413484393 0.003626183442450968 0.1374596491427266 0.9836608509053868 -0.11625908675733157 0.002343729711818288 -0.15643446504023084 0.1374596491427266 0.9780762255597133 0.0015275244027941233 0.0 0.0 0.0 1.0
