1 1.0 0.0 0.0 0.0 0.0 1.0 0.0 0.0 0.0 0.0 1.0 0.0 0.0 0.0 0.0 1.0
2 0.9986298478409578 -0.05231204148383734 0.001370152159042293 0.0007071274599267241 0.05231204148383734 0.9972596956819154 -0.05231204148383734 0.002072154003733889 0.001370152159042293 0.05231204148383734 0.9986298478409578 0.0036043524610556814 0.0 0.0 0.0 1.0
3 0.997412131915142 -0.06943430673723439 0.018652510726737605 0.0011994302141042567 0.07004321687484805 0.9969554493119317 -0.03426047076540696 0.004234197989808064 -0.016216870176283003 0.035478291040634255 0.999238862327983 0.003149259383592018 0.0 0.0 0.0 1.0
4 0.9992385724331825 -0.03474366734432557 0.017752547455571515 0.0037732636184122665 0.03504823837105255 0.9992385724331825 -0.017143405402117545 0.004873588568612239 -0.017143405402117545 0.017752547455571515 0.999695428973273 0.003848564551896985 0.0 0.0 0.0 1.0
5 0.9986296739111428 -0.052325326651592646 0.0009135507259048043 0.0036843496803714965 0.052325326651592646 0.9980206400938729 -0.03488355110106177 0.004603534294634115 0.0009135507259048043 0.03488355110106177 0.9993909661827302 0.004444357209491264 0.0 0.0 0.0 1.0
6 0.9969553720176412 -0.03487115198890551 0.06974230397781102 0.003912442711196224 0.03487115198890551 0.9993910744035283 0.0012178511929435308 0.0002436397568830656 -0.06974230397781102 0.0012178511929435308 0.9975642976141129 0.0013598471834970504 0.0 0.0 0.0 1.0
7 0.997412131915142 -0.016216870176283003 0.07004321687484805 0.004710767247223146 0.018652510726737605 0.999238862327983 -0.03426047076540696 0.0011454172573775818 -0.06943430673723439 0.035478291040634255 0.9969554493119317 0.0022964103949140485 0.0 0.0 0.0 1.0
8 1.0 0.0 0.0 0.003020952730933763 0.0 0.9998476951563913 -0.01745240643728351 0.004271603119562444 0.0 0.01745240643728351 0.9998476951563913 0.0007402220882332267 0.0 0.0 0.0 1.0
9 1.0 0.0 0.0 0.0024795548105459846 0.0 0.9975640502598242 -0.0697564737441253 0.0020720719115207655 0.0 0.0697564737441253 0.9975640502598242 0.0014651593238035926 0.0 0.0 0.0 1.0
10 0.9969560676097461 -0.033028854724228854 0.07062360803383862 0.0024509218278923306 0.03668157359253359 0.998021443946335 -0.05106524828147026 0.00029194668920282053 -0.06879724859968626 0.0535003941936734 0.9961950845121825 0.002646674790821651 0.0 0.0 0.0 1.0
11 0.9987820560501401 -0.03396300760793349 0.03578992353272329 0.004363789016927796 0.03578992353272329 0.9980208410814777 -0.05170572638056265 0.00017379245618280305 -0.03396300760793349 0.05292367033042252 0.9980208410814777 0.001805851342216478 0.0 0.0 0.0 1.0
12 0.9984773381491904 -0.01698674853987539 0.052482907470435755 0.0037314334545905303 0.017900345650361138 0.9996954676298381 -0.01698674853987539 0.0018442549053864598 -0.052178375100273844 0.017900345650361138 0.9984773381491904 0.0001256071937146397 0.0 0.0 0.0 1.0
13 0.998021443946335 -0.05106524828147026 0.03668157359253359 0.0034563420213236107 0.0535003941936734 0.9961950845121825 -0.06879724859968626 0.002899242021988879 -0.033028854724228854 0.07062360803383862 0.9969560676097461 0.004626861003541144 0.0 0.0 0.0 1.0
14 0.9984772994941954 -0.052333298723670076 0.017444432907890026 0.00016989094891046164 0.052333298723670076 0.9986295695447759 0.00045681015174138247 0.003328251315297475 -0.017444432907890026 0.00045681015174138247 0.9998477299494195 0.002128107885947252 0.0 0.0 0.0 1.0
15 0.9998477570062675 -0.017438232785164196 0.0006089719749299348 0.004680461318437663 0.017438232785164196 0.9974118691065478 -0.06975293114065678 0.0015634963306563837 0.0006089719749299348 0.06975293114065678 0.9975641121002803 0.002648076859152096 0.0 0.0 0.0 1.0
16 0.9980206400938729 -0.03488355110106177 0.052325326651592646 0.002091575937020277 0.03488355110106177 0.9993909661827302 0.0009135507259048043 0.001124597863810069 -0.052325326651592646 0.0009135507259048043 0.9986296739111428 0.003759600756227974 0.0 0.0 0.0 1.0
17 0.9992385531037223 -0.03489772475310592 0.01744886237655296 0.0007090254667595531 0.03489772475310592 0.9993908424829778 0.00030457875851106484 0.0015307507800725452 -0.01744886237655296 0.00030457875851106484 0.9998477106207445 0.0040418327579225715 0.0 0.0 0.0 1.0
18 0.997412131915142 -0.06943430673723439 0.018652510726737605 0.001017896905176759 0.07004321687484805 0.9969554493119317 -0.03426047076540696 0.0008820598468173225 -0.016216870176283003 0.035478291040634255 0.999238862327983 0.0011033833163930935 0.0 0.0 0.0 1.0
19 0.9987817777454803 -0.03489240922878522 0.03489240922878522 0.0036226872899273043 0.03489240922878522 0.9993908888727402 0.0006091111272598649 0.0039788182974033115 -0.03489240922878522 0.0006091111272598649 0.9993908888727402 0.0024367096663427206 0.0 0.0 0.0 1.0
20 0.9992387270547326 -0.016527362284393228 0.035338543404588585 0.0012067513235395567 0.018354417353034932 0.9984774541094652 -0.05201816027803529 0.00020873958344836573 -0.034425015870267736 0.052627178634249185 0.9980206903423048 0.0011809538407681502 0.0 0.0 0.0 1.0
21 0.9992385531037223 -0.01744886237655296 0.03489772475310592 0.0020689515021023812 0.01744886237655296 0.9998477106207445 0.00030457875851106484 0.001602621610482094 -0.03489772475310592 0.00030457875851106484 0.9993908424829778 0.00377277306572754 0.0 0.0 0.0 1.0
22 0.9986298478409578 0.001370152159042293 0.05231204148383734 0.0048036108201426906 0.001370152159042293 0.9986298478409578 -0.05231204148383734 0.0038725669378446366 -0.05231204148383734 0.05231204148383734 0.9972596956819154 0.0023609745178136505 0.0 0.0 0.0 1.0
23 0.9961946980917455 -0.0522934456485949 0.06972459419812653 0.0014221113808109477 0.0522934456485949 0.9986300913130284 0.0018265449159621382 0.0012576432624396322 -0.06972459419812653 0.0018265449159621382 0.9975646067787172 0.003647777396109354 0.0 0.0 0.0 1.0
24 0.9984779178799191 -0.015603764597384783 0.05289962227247779 0.0012332259579515149 0.01925676168557885 0.9974124603958625 -0.069264427929903 0.0037480389479314685 -0.051681956576413106 0.07017767720195153 0.9961947946997979 0.004178090588323067 0.0 0.0 0.0 1.0
25 0.9974118691065478 -0.06975293114065678 0.017438232785164196 0.003126883765169234 0.06975293114065678 0.9975641121002803 0.0006089719749299348 0.00398356598174361 -0.017438232785164196 0.0006089719749299348 0.9998477570062675 0.0008882936369166111 0.0 0.0 0.0 1.0
26 0.9992385531037223 -0.03489772475310592 0.01744886237655296 0.0035636250700042 0.03489772475310592 0.9993908424829778 0.00030457875851106484 0.003721769421907352 -0.01744886237655296 0.00030457875851106484 0.9998477106207445 0.0038477437655598436 0.0 0.0 0.0 1.0
27 0.9998477106207445 -0.01744886237655296 0.00030457875851106484 0.0026877976413483048 0.01744886237655296 0.9992385531037223 -0.03489772475310592 0.003970915585513537 0.00030457875851106484 0.03489772475310592 0.9993908424829778 0.0014462623371751904 0.0 0.0 0.0 1.0
28 0.9986295695447759 -0.052333298723670076 0.00045681015174138247 0.0011887509388260075 0.052333298723670076 0.9984772994941954 -0.017444432907890026 0.0014573210036918029 0.00045681015174138247 0.017444432907890026 0.9998477299494195 0.0010752447958242068 0.0 0.0 0.0 1.0
29 0.9992385531037223 -0.03489772475310592 0.01744886237655296 0.0005461990867424571 0.03489772475310592 0.9993908424829778 0.00030457875851106484 0.0037113833904234175 -0.01744886237655296 0.00030457875851106484 0.9998477106207445 0.0030406776646576127 0.0 0.0 0.0 1.0
30 0.9998477570062675 -0.017438232785164196 0.0006089719749299348 0.0002309501411240711 0.017438232785164196 0.9974118691065478 -0.06975293114065678 0.0039159012163480795 0.0006089719749299348 0.06975293114065678 0.9975641121002803 0.0032651011371398406 0.0 0.0 0.0 1.0
31 1.0 0.0 0.0 0.004776997867350993 0.0 0.9986295347545738 -0.05233595624294383 0.0014577005116945408 0.0 0.05233595624294383 0.9986295347545738 0.00342986093206657 0.0 0.0 0.0 1.0
32 0.9987820560501401 -0.03396300760793349 0.03578992353272329 0.00461685755294335 0.03578992353272329 0.9980208410814777 -0.05170572638056265 0.0013022409753887844 -0.03396300760793349 0.05292367033042252 0.9980208410814777 0.0024948777814566025 0.0 0.0 0.0 1.0
33 1.0 0.0 0.0 0.003775984918677235 0.0 0.9986295347545738 -0.05233595624294383 0.0032204182645447616 0.0 0.05233595624294383 0.9986295347545738 0.003139993778404003 0.0 0.0 0.0 1.0
34 0.997565039556422 0.0024349604435780496 0.06969980503869781 0.004227916822139669 0.0024349604435780496 0.997565039556422 -0.06969980503869781 0.003083861080494457 -0.06969980503869781 0.06969980503869781 0.9951300791128439 0.00038639813481705757 0.0 0.0 0.0 1.0
35 0.9961950845121825 -0.06879724859968626 0.0535003941936734 4.41695323517155e-05 0.07062360803383862 0.9969560676097461 -0.033028854724228854 0.004161879036841033 -0.05106524828147026 0.03668157359253359 0.998021443946335 0.0008828954298554564 0.0 0.0 0.0 1.0
36 0.9992385724331825 -0.03474366734432557 0.017752547455571515 0.004208153271523232 0.03504823837105255 0.9992385724331825 -0.017143405402117545 0.0036488194701611828 -0.017143405402117545 0.017752547455571515 0.999695428973273 0.001484637099332451 0.0 0.0 0.0 1.0
37 0.9951302027535716 -0.06908753950599512 0.07030498881760223 0.004724802875983998 0.07030498881760223 0.9974129202128349 -0.014989167417235452 0.002174635695494066 -0.06908753950599512 0.019858964663663888 0.9974129202128349 0.004136299548483254 0.0 0.0 0.0 1.0
38 0.9974119348106979 -0.06959714951633397 0.018046303676409022 0.0024812990025215092 0.06990162777389894 0.9974119348106979 -0.016828390646149206 0.0030523957436205964 -0.016828390646149206 0.018046303676409022 0.999695521742435 0.0039799880739458055 0.0 0.0 0.0 1.0
39 0.9951320570631669 -0.06720919248545566 0.07207713542228882 0.0008931285222048624 0.07207713542228882 0.9951320570631669 -0.06720919248545566 0.0034236825850063836 -0.06720919248545566 0.07207713542228882 0.9951320570631669 0.004990649285860518 0.0 0.0 0.0 1.0
40 0.9986296739111428 0.0009135507259048043 0.052325326651592646 0.004955813562408916 0.0009135507259048043 0.9993909661827302 -0.03488355110106177 0.0013924585757911757 -0.052325326651592646 0.03488355110106177 0.9980206400938729 0.004086771840271596 0.0 0.0 0.0 1.0
41 0.9992386304192077 -0.016836223083014093 0.035195185327612816 0.004716132854382832 0.018054414412281797 0.9992386304192077 -0.034586089662978964 0.0017332993298708839 -0.034586089662978964 0.035195185327612816 0.9987818086707323 0.004029083605778435 0.0 0.0 0.0 1.0
42 0.9984776473608904 -0.05185267890139361 0.018806578939574145 0.0009992061242378636 0.052766090484859376 0.9972597652496027 -0.05185267890139361 0.0042904307619810855 -0.01606634418917685 0.052766090484859376 0.9984776473608904 0.0006617544636974198 0.0 0.0 0.0 1.0
43 0.9992387270547326 -0.016527362284393228 0.035338543404588585 0.0016219068793988111 0.018354417353034932 0.9984774541094652 -0.05201816027803529 0.0016100943102888448 -0.034425015870267736 0.052627178634249185 0.9980206903423048 0.002584286618185416 0.0 0.0 0.0 1.0
44 0.9998477299494195 -0.017444432907890026 0.00045681015174138247 0.00045548226755866896 0.017444432907890026 0.9984772994941954 -0.052333298723670076 0.00209530773527683 0.00045681015174138247 0.052333298723670076 0.9986295695447759 0.0017529553094339212 0.0 0.0 0.0 1.0
45 0.9993909661827302 -0.03488355110106177 0.0009135507259048043 0.004482472216254753 0.03488355110106177 0.9980206400938729 -0.052325326651592646 0.0002950282181077996 0.0009135507259048043 0.052325326651592646 0.9986296739111428 0.003772176947336054 0.0 0.0 0.0 1.0
46 0.9998477106207445 0.00030457875851106484 0.01744886237655296 0.002146576116110586 0.00030457875851106484 0.9993908424829778 -0.03489772475310592 0.0019467065313928666 -0.01744886237655296 0.03489772475310592 0.9992385531037223 0.003316376777020436 0.0 0.0 0.0 1.0
47 0.9992387270547326 -0.034425015870267736 0.018354417353034932 6.566079139179337e-05 0.035338543404588585 0.9980206903423048 -0.05201816027803529 0.004515957598884353 -0.016527362284393228 0.052627178634249185 0.9984774541094652 0.0024433019086465124 0.0 0.0 0.0 1.0
48 0.9961955674935844 -0.050443414941513116 0.07106231909509979 0.002753488961937584 0.054095670147672116 0.9972608085953808 -0.050443414941513116 0.0010267616641222454 -0.06832312769048053 0.054095670147672116 0.9961955674935844 0.0019067713660167835 0.0 0.0 0.0 1.0
49 0.9984776473608904 -0.01606634418917685 0.052766090484859376 0.003984024667168431 0.018806578939574145 0.9984776473608904 -0.05185267890139361 0.004027360867967793 -0.05185267890139361 0.052766090484859376 0.9972597652496027 0.002326136814906131 0.0 0.0 0.0 1.0
50 0.9980208410814777 -0.03396300760793349 0.05292367033042252 0.004179086961599458 0.03578992353272329 0.9987820560501401 -0.03396300760793349 0.003253820720921604 -0.05170572638056265 0.03578992353272329 0.9980208410814777 0.00015222504737605225 0.0 0.0 0.0 1.0
51 0.9961950845121825 -0.05106524828147026 0.07062360803383862 0.0005001812094647701 0.0535003941936734 0.998021443946335 -0.033028854724228854 0.0027244665063347637 -0.06879724859968626 0.03668157359253359 0.9969560676097461 0.0015452267153286976 0.0 0.0 0.0 1.0
52 0.9975646067787172 -0.06972459419812653 0.0018265449159621382 0.0044125524389002375 0.06972459419812653 0.9961946980917455 -0.0522934456485949 0.0015288138897782816 0.0018265449159621382 0.0522934456485949 0.9986300913130284 0.00380849954210734 0.0 0.0 0.0 1.0
53 1.0 0.0 0.0 0.0030452642618942483 0.0 0.9998476951563913 -0.01745240643728351 0.004410555648211871 0.0 0.01745240643728351 0.9998476951563913 0.0005722236831973026 0.0 0.0 0.0 1.0
54 0.9987818086707323 -0.034586089662978964 0.035195185327612816 0.0032838600189066354 0.035195185327612816 0.9992386304192077 -0.016836223083014093 0.0005627418594820188 -0.034586089662978964 0.018054414412281797 0.9992386304192077 0.004121769208920645 0.0 0.0 0.0 1.0
55 0.9998477106207445 0.00030457875851106484 0.01744886237655296 0.0024007541378315267 0.00030457875851106484 0.9993908424829778 -0.03489772475310592 0.004353419359013495 -0.01744886237655296 0.03489772475310592 0.9992385531037223 0.003849053318801535 0.0 0.0 0.0 1.0
56 0.999238862327983 -0.016216870176283003 0.035478291040634255 0.0033147318923213652 0.018652510726737605 0.997412131915142 -0.06943430673723439 0.002782544917111124 -0.03426047076540696 0.07004321687484805 0.9969554493119317 0.0014988493619442534 0.0 0.0 0.0 1.0
57 0.9987820560501401 -0.03396300760793349 0.03578992353272329 0.004819199845231387 0.03578992353272329 0.9980208410814777 -0.05170572638056265 0.0030033873866095 -0.03396300760793349 0.05292367033042252 0.9980208410814777 0.0024495500482987244 0.0 0.0 0.0 1.0
58 0.9969556811853848 -0.03364634044327154 0.07033699970115825 0.0012729270313262342 0.03608179549496368 0.998782272474154 -0.03364634044327154 0.002594623258220364 -0.06911927217531219 0.03608179549496368 0.9969556811853848 0.003396595174421214 0.0 0.0 0.0 1.0
59 0.9993908424829778 0.00030457875851106484 0.03489772475310592 0.004225835323783019 0.00030457875851106484 0.9998477106207445 -0.01744886237655296 0.0043550499281963 -0.03489772475310592 0.01744886237655296 0.9992385531037223 0.002910446360734634 0.0 0.0 0.0 1.0
60 0.9992385724331826 -0.017143405402117545 0.03504823837105255 0.0019725482806189436 0.017752547455571515 0.999695428973273 -0.017143405402117545 0.003318554206764713 -0.03474366734432557 0.017752547455571515 0.9992385724331826 0.0032402205172261294 0.0 0.0 0.0 1.0
61 0.9972599739441873 -0.051388072788038405 0.0532147568252469 0.0013043725238439784 0.0532147568252469 0.9980210922930242 -0.03349759684318873 0.0033111955065608083 -0.051388072788038405 0.03623762289900148 0.9980210922930242 0.004297485636594962 0.0 0.0 0.0 1.0
62 0.9951320570631669 -0.06720919248545566 0.07207713542228882 0.0011920944728735323 0.07207713542228882 0.9951320570631669 -0.06720919248545566 0.0022291718181719025 -0.06720919248545566 0.07207713542228882 0.9951320570631669 0.0015423236920917933 0.0 0.0 0.0 1.0
63 0.9996953980451946 -0.01745152038161517 0.01745152038161517 0.0029713413242614286 0.01745152038161517 0.9998476990225973 0.00015230097740270845 0.004200325449243367 -0.01745152038161517 0.00015230097740270845 0.9998476990225973 0.001985046906589359 0.0 0.0 0.0 1.0
64 0.9998476951563913 -0.01745240643728351 0.0 0.002458420736874879 0.01745240643728351 0.9998476951563913 0.0 0.0035046134394208193 0.0 0.0 1.0 0.0025590027692123196 0.0 0.0 0.0 1.0
65 0.9972603217402395 -0.05091829415134601 0.053657972411106564 0.0043032998772368145 0.053657972411106564 0.9972603217402395 -0.05091829415134601 0.004293705311202258 -0.05091829415134601 0.053657972411106564 0.9972603217402395 0.0024294144497648018 0.0 0.0 0.0 1.0
66 0.9996953980451946 -0.01745152038161517 0.01745152038161517 0.00041665158099963906 0.01745152038161517 0.9998476990225973 0.00015230097740270845 0.004824135372075158 -0.01745152038161517 0.00015230097740270845 0.9998476990225973 0.001130699021735493 0.0 0.0 0.0 1.0
67 0.9980206903423048 -0.05201816027803529 0.035338543404588585 0.003147957368351081 0.052627178634249185 0.9984774541094652 -0.016527362284393228 0.002193651414248094 -0.034425015870267736 0.018354417353034932 0.9992387270547326 0.002482487943088993 0.0 0.0 0.0 1.0
68 0.9974129202128349 -0.014989167417235452 0.07030498881760223 0.0034001847666816775 0.019858964663663888 0.9974129202128349 -0.06908753950599512 0.001656092641489541 -0.06908753950599512 0.07030498881760223 0.9951302027535716 6.449180945518329e-05 0.0 0.0 0.0 1.0
69 0.997412131915142 -0.016216870176283003 0.07004321687484805 0.004381950936470987 0.018652510726737605 0.999238862327983 -0.03426047076540696 0.0024085761554080306 -0.06943430673723439 0.035478291040634255 0.9969554493119317 0.003946311982705405 0.0 0.0 0.0 1.0
70 0.9951311917889933 -0.06784213795134347 0.0714937441095985 0.001019013744182778 0.0714937441095985 0.996196243585151 -0.04981655166734989 0.0004891096355710095 -0.06784213795134347 0.05468535987835658 0.996196243585151 0.0032714657118924195 0.0 0.0 0.0 1.0
71 0.9987820560501401 -0.03396300760793349 0.03578992353272329 0.004717144227317276 0.03578992353272329 0.9980208410814777 -0.05170572638056265 0.0034362646672787206 -0.03396300760793349 0.05292367033042252 0.9980208410814777 0.0005300182991987895 0.0 0.0 0.0 1.0
72 0.9993908424829778 0.00030457875851106484 0.03489772475310592 0.0031625142264686827 0.00030457875851106484 0.9998477106207445 -0.01744886237655296 0.004975620605094052 -0.03489772475310592 0.01744886237655296 0.9992385531037223 0.0005028079374564121 0.0 0.0 0.0 1.0
73 0.9998476951563913 -0.01745240643728351 0.0 0.0018037651219046653 0.01745240643728351 0.9998476951563913 0.0 0.004978531787516014 0.0 0.0 1.0 0.001435028539472774 0.0 0.0 0.0 1.0
74 1.0 0.0 0.0 0.0021448535520047175 0.0 0.9993908270190958 -0.03489949670250097 0.004870170627498883 0.0 0.03489949670250097 0.9993908270190958 0.00448669950771142 0.0 0.0 0.0 1.0
75 0.9961947946997979 -0.051681956576413106 0.07017767720195153 0.001544855411261894 0.05289962227247779 0.9984779178799191 -0.015603764597384783 0.002029191110288541 -0.069264427929903 0.01925676168557885 0.9974124603958625 0.002677713095667292 0.0 0.0 0.0 1.0
76 0.998021443946335 -0.05106524828147026 0.03668157359253359 0.002264964994301199 0.0535003941936734 0.9961950845121825 -0.06879724859968626 0.0015817528308180507 -0.033028854724228854 0.07062360803383862 0.9969560676097461 0.0019889763210812865 0.0 0.0 0.0 1.0
77 0.9984774541094652 -0.016527362284393228 0.052627178634249185 0.0003515216779863667 0.018354417353034932 0.9992387270547326 -0.034425015870267736 0.0025648165685065215 -0.05201816027803529 0.035338543404588585 0.9980206903423048 0.003874061352232009 0.0 0.0 0.0 1.0
78 0.9974129202128349 -0.06908753950599512 0.019858964663663888 0.002098981106093089 0.07030498881760223 0.9951302027535716 -0.06908753950599512 0.0025027390975931817 -0.014989167417235452 0.07030498881760223 0.9974129202128349 0.0009455018808386445 0.0 0.0 0.0 1.0
79 0.9998476990225973 0.00015230097740270845 0.01745152038161517 0.004407355874273223 0.00015230097740270845 0.9998476990225973 -0.01745152038161517 0.002895772724711874 -0.01745152038161517 0.01745152038161517 0.9996953980451946 0.0037736076906653765 0.0 0.0 0.0 1.0
80 0.9975646067787172 0.0018265449159621382 0.06972459419812653 0.00033003775350450736 0.0018265449159621382 0.9986300913130284 -0.0522934456485949 0.0029155683254677 -0.06972459419812653 0.0522934456485949 0.9961946980917455 0.0006216941990998542 0.0 0.0 0.0 1.0
81 0.999238862327983 -0.03426047076540696 0.018652510726737605 0.003943015746761989 0.035478291040634255 0.9969554493119317 -0.06943430673723439 0.0028206608339127397 -0.016216870176283003 0.07004321687484805 0.997412131915142 0.003556362295456886 0.0 0.0 0.0 1.0
82 0.9998477299494195 0.00045681015174138247 0.017444432907890026 0.00248208997604646 0.00045681015174138247 0.9986295695447759 -0.052333298723670076 0.0032652925054780964 -0.017444432907890026 0.052333298723670076 0.9984772994941954 0.002485894299905668 0.0 0.0 0.0 1.0
83 0.996196243585151 -0.06784213795134347 0.05468535987835658 0.0027306334575002665 0.0714937441095985 0.9951311917889933 -0.06784213795134347 0.0011670349780155392 -0.04981655166734989 0.0714937441095985 0.996196243585151 0.0018254452920303055 0.0 0.0 0.0 1.0
84 0.9992387270547326 -0.034425015870267736 0.018354417353034932 0.0033614291393439994 0.035338543404588585 0.9980206903423048 -0.05201816027803529 0.0009201666145520604 -0.016527362284393228 0.052627178634249185 0.9984774541094652 0.0025353399460396665 0.0 0.0 0.0 1.0
85 0.997565039556422 -0.06969980503869781 0.0024349604435780496 0.00175014472375592 0.06969980503869781 0.9951300791128439 -0.06969980503869781 0.004284600303231948 0.0024349604435780496 0.06969980503869781 0.997565039556422 0.002068957207388255 0.0 0.0 0.0 1.0
86 0.9996954676298381 -0.01698674853987539 0.017900345650361138 0.00434837298093038 0.017900345650361138 0.9984773381491904 -0.052178375100273844 0.00012300825000710613 -0.01698674853987539 0.052482907470435755 0.9984773381491904 0.0007985969890299328 0.0 0.0 0.0 1.0
87 0.9974124603958625 -0.069264427929903 0.01925676168557885 0.002394163450321578 0.07017767720195153 0.9961947946997979 -0.051681956576413106 0.0013985192533810342 -0.015603764597384783 0.05289962227247779 0.9984779178799191 0.0010339574522739592 0.0 0.0 0.0 1.0
88 0.998021443946335 -0.05106524828147026 0.03668157359253359 0.002668313294040313 0.0535003941936734 0.9961950845121825 -0.06879724859968626 0.001957596921473151 -0.033028854724228854 0.07062360803383862 0.9969560676097461 0.000806332700003336 0.0 0.0 0.0 1.0
89 0.999238862327983 -0.016216870176283003 0.035478291040634255 0.0006407414124890365 0.018652510726737605 0.997412131915142 -0.06943430673723439 0.004503323797839085 -0.03426047076540696 0.07004321687484805 0.9969554493119317 0.0044242632673810525 0.0 0.0 0.0 1.0
90 0.9998477106207445 -0.01744886237655296 0.00030457875851106484 0.0025810653358922966 0.01744886237655296 0.9992385531037223 -0.03489772475310592 0.0006134624568739678 0.00030457875851106484 0.03489772475310592 0.9993908424829778 0.0009020113579911854 0.0 0.0 0.0 1.0
91 0.9984774541094652 -0.016527362284393228 0.052627178634249185 0.0010838812323406277 0.018354417353034932 0.9992387270547326 -0.034425015870267736 0.000754152934020611 -0.05201816027803529 0.035338543404588585 0.9980206903423048 0.0009901576817700436 0.0 0.0 0.0 1.0
92 0.9984776473608904 -0.01606634418917685 0.052766090484859376 0.003685335587616685 0.018806578939574145 0.9984776473608904 -0.05185267890139361 0.0030146812075845003 -0.05185267890139361 0.052766090484859376 0.9972597652496027 0.0014213331503383408 0.0 0.0 0.0 1.0
93 0.9987819014427203 -0.034276273340024324 0.035494371897304006 0.0009801592528115466 0.035494371897304006 0.9987819014427203 -0.034276273340024324 0.0024448608585431455 -0.034276273340024324 0.035494371897304006 0.9987819014427203 0.004538667660906685 0.0 0.0 0.0 1.0
94 0.9972597652496027 -0.05185267890139361 0.052766090484859376 0.0016795369384423541 0.052766090484859376 0.9984776473608904 -0.01606634418917685 0.004281770679228285 -0.05185267890139361 0.018806578939574145 0.9984776473608904 0.002599623103796471 0.0 0.0 0.0 1.0
95 0.999695428973273 -0.017143405402117545 0.017752547455571515 0.0015411371720681288 0.017752547455571515 0.9992385724331826 -0.03474366734432557 0.0040266896834152905 -0.017143405402117545 0.03504823837105255 0.9992385724331826 0.0030996852121432175 0.0 0.0 0.0 1.0
96 0.9998477570062675 -0.017438232785164196 0.0006089719749299348 0.003914294215453527 0.017438232785164196 0.9974118691065478 -0.06975293114065678 0.004532200638790389 0.0006089719749299348 0.06975293114065678 0.9975641121002803 0.002247732786451255 0.0 0.0 0.0 1.0
97 0.996196243585151 -0.06784213795134347 0.05468535987835658 0.0018079729342181366 0.0714937441095985 0.9951311917889933 -0.06784213795134347 0.002214530635297586 -0.04981655166734989 0.0714937441095985 0.996196243585151 0.002663775679721732 0.0 0.0 0.0 1.0
98 0.9984779178799191 -0.051681956576413106 0.01925676168557885 0.004689787273759229 0.05289962227247779 0.9961947946997979 -0.069264427929903 0.0022835295500519322 -0.015603764597384783 0.07017767720195153 0.9974124603958625 0.0020828415622224867 0.0 0.0 0.0 1.0
99 0.9984773381491904 -0.01698674853987539 0.052482907470435755 0.002573536943462387 0.017900345650361138 0.9996954676298381 -0.01698674853987539 0.0031929329290145973 -0.052178375100273844 0.017900345650361138 0.9984773381491904 0.004816528958480881 0.0 0.0 0.0 1.0
100 0.9984774541094652 -0.016527362284393228 0.052627178634249185 0.001086646571867972 0.018354417353034932 0.9992387270547326 -0.034425015870267736 0.0026283637811108855 -0.05201816027803529 0.035338543404588585 0.9980206903423048 0.0031260923344034663 0.0 0.0 0.0 1.0
