1 1.0 0.0 0.0 0.0 0.0 1.0 0.0 0.0 0.0 0.0 1.0 0.0 0.0 0.0 0.0 1.0
2 0.9085409600397962 -0.07605675082138208 -0.4108146718222949 0.0 0.0954915028125263 0.9950650252992957 0.026962349985070886 0.0 0.40673664307580026 -0.06372570973011103 0.9113201068224177 0.0 0.0 0.0 0.0 1.0
3 0.7376055366397494 -0.3437410561242202 0.5811885740901936 0.0 -0.09056657193586293 0.8025834120828785 0.5896249339174777 0.0 -0.669130606358858 -0.4875468726020191 0.5608585192807691 0.0 0.0 0.0 0.0 1.0
4 0.9564681423308483 0.13442436340443617 0.259034328283894 0.0 -0.22081806988915062 0.9136836027196059 0.34120617540096126 0.0 -0.19080899537654478 -0.38355229714425315 0.9035925866444237 0.0 0.0 0.0 0.0 1.0
5 0.9980211966240683 0.044238382578906284 0.04468396352009243 0.0 -0.03485166815518733 0.9806806903401771 -0.1924857003019033 0.0 -0.05233595624294383 0.19054749827986658 0.9802818975087834 0.0 0.0 0.0 0.0 1.0
6 0.7322914802697067 0.5886159059884088 -0.3424624112831153 0.0 -0.18258077227472244 0.6541787915899651 0.733971641297849 0.0 0.656059028990507 -0.4749541281548535 0.5865195023430129 0.0 0.0 0.0 0.0 1.0
7 0.9871088799708131 0.1598864642069896 -0.007237240230478385 0.0 -0.12120173039057423 0.7172144509650398 -0.6862314273459403 0.0 -0.10452846326765347 0.67826230168741 0.7273472695188999 0.0 0.0 0.0 0.0 1.0
8 0.8575973040867546 0.21491567693273167 0.4672666431831788 0.0 -0.12052744095487315 0.9671904907613744 -0.22364188015137343 0.0 -0.5 0.13547622075226856 0.8553631939770863 0.0 0.0 0.0 0.0 1.0
9 0.9305475967963662 0.03612353285374627 -0.3643847698116258 0.0 0.13077993598406573 0.8967016558175521 0.4228743889124334 0.0 0.34202014332566866 -0.44115896321872977 0.8296993375502143 0.0 0.0 0.0 0.0 1.0
10 0.7518376824169724 0.21026005533670186 0.6249246421991077 0.0 -0.065777274023089 0.9669814685822729 -0.2462116764911087 0.0 -0.6560590289905073 0.14400537680336095 0.7408434395550485 0.0 0.0 0.0 0.0 1.0
11 0.7735327765894378 0.1584415232675249 -0.6136312632570979 0.0 0.1503595402416126 0.8947186659525288 0.42055976680426604 0.0 0.6156614753256584 -0.4175820787591275 0.6682710193469713 0.0 0.0 0.0 0.0 1.0
12 0.7814504087735195 0.145730675969384 0.6067106630917288 0.0 -0.20938900595583526 0.9772068241279672 0.03497237570653474 0.0 -0.587785252292473 -0.15436771993923548 0.7941530735495741 0.0 0.0 0.0 0.0 1.0
13 0.9666034580972271 0.0625108367368747 0.24853601365785521 0.0 0.08456684470846289 0.8376733509615292 -0.5395848458444114 0.0 -0.2419218955996677 0.5425824844015316 0.8044116135723831 0.0 0.0 0.0 0.0 1.0
14 0.9701479455371517 0.07141739935620463 0.2317596143404627 0.0 -0.016933995379327882 0.9732718933284791 -0.22903069981399957 0.0 -0.24192189559966767 0.2182690466511316 0.9454271096723794 0.0 0.0 0.0 0.0 1.0
15 0.9524686608956118 -0.24887494088551532 -0.1756835615843186 0.0 0.18514115274887777 0.9308769499273702 -0.3149458011352631 0.0 0.24192189559966773 0.2674497483512505 0.932708115401767 0.0 0.0 0.0 0.0 1.0
16 0.9719965482790865 0.14554215190959868 -0.18449984322775068 0.0 -0.06796861984125294 0.9256828360628487 0.37214453339464265 0.0 0.224951054343865 -0.34918300221540616 0.909652820648306 0.0 0.0 0.0 0.0 1.0
17 0.7659277708398717 0.41802080681404197 -0.4884805573682568 0.0 -0.01336931897033497 0.7699677622568257 0.6379427140390321 0.0 0.6427876096865394 -0.48208738850519023 0.5953283452664684 0.0 0.0 0.0 0.0 1.0
18 0.9595671941035072 -0.06356439320503152 0.27420862115695505 0.0 0.2215335423661088 0.7715195622460688 -0.5963895159024494 0.0 -0.17364817766693036 0.6330222215594888 0.7544065067354891 0.0 0.0 0.0 0.0 1.0
19 0.9911859016360162 0.008620021204417763 -0.1321975931416041 0.0 0.051945851961402514 0.8926810495946556 0.44768534950184397 0.0 0.12186934340514745 -0.45060652339820767 0.8843650966704751 0.0 0.0 0.0 0.0 1.0
20 0.8555071680929034 -0.25634173237672964 -0.4498848759224488 0.0 0.18184366213388523 0.962252988870562 -0.20248967369080043 0.0 0.48480962024633695 0.09142265393088614 0.8698284488707158 0.0 0.0 0.0 0.0 1.0
21 0.7875307187469627 0.22840159631228746 0.5723880482958142 0.0 0.0275011786970331 0.9148361812775846 -0.40288763519835197 0.0 -0.6156614753256585 0.3330277349222514 0.714180282262391 0.0 0.0 0.0 0.0 1.0
22 0.8295162105622798 0.08874935021746425 0.5513858986684129 0.0 0.17631911356666427 0.8951811848313217 -0.40934364110739113 0.0 -0.5299192642332048 0.43677705887554213 0.726919097447969 0.0 0.0 0.0 0.0 1.0
23 0.8715358938730196 -0.05200940718808185 -0.48756559277178385 0.0 0.18525067297365833 0.9555870822677458 0.22920627470866273 0.0 0.4539904997395467 -0.29008334968929284 0.8424632196002837 0.0 0.0 0.0 0.0 1.0
24 0.7955964608169102 -0.3834852212871408 -0.46900464452919816 0.0 0.06960567106282667 0.8268909310459088 -0.5580380262221596 0.0 0.6018150231520483 0.41132769564956695 0.6845642443920927 0.0 0.0 0.0 0.0 1.0
25 0.8524716485419712 0.049796586383038355 -0.5203963762524967 0.0 0.08959838070567444 0.9668061820374305 0.2392863066477635 0.0 0.5150380749100542 -0.25061146493886327 0.8197131663174272 0.0 0.0 0.0 0.0 1.0
26 0.8283451415599975 0.10895518006071767 0.549520786860592 0.0 -0.131196981641529 0.9913555850984249 0.0012066077705408795 0.0 -0.5446390350150272 -0.07309495626988374 0.8354791732328244 0.0 0.0 0.0 0.0 1.0
27 0.7408434395550483 0.08771518341081874 -0.6659257050658516 0.0 -0.14400537680336095 0.9891244975094119 -0.02991955678941762 0.0 0.6560590289905073 0.11806258944288653 0.7454178529214825 0.0 0.0 0.0 0.0 1.0
28 0.7948197277438546 0.5606283595898206 0.2322874142367853 0.0 -0.19817081533873582 0.6015810531290698 -0.7738401414142975 0.0 -0.5735764363510462 0.5690308242439475 0.5892486679858413 0.0 0.0 0.0 0.0 1.0
29 0.7981572304628228 0.4806629575494199 0.3631916253161145 0.0 -0.18426911603074111 0.7687445342262533 -0.6124350855188737 0.0 -0.573576436351046 0.42189449194923767 0.7021503466678123 0.0 0.0 0.0 0.0 1.0
30 0.6963642403200188 0.5879099906015222 -0.4116293086679336 0.0 -0.12278780396897279 0.6626877984322137 0.7387611501734119 0.0 0.7071067811865475 -0.46390378825784934 0.5336602620019746 0.0 0.0 0.0 0.0 1.0
31 0.7240980717452209 -0.4618177436580918 0.5122561411417161 0.0 0.16717121202132743 0.8380988852339607 0.5192726109096383 0.0 -0.6691306063588582 -0.2903698162897466 0.6840684186700081 0.0 0.0 0.0 0.0 1.0
32 0.9779986241164497 -0.0246966831449547 0.20714430976488168 0.0 0.017071029483660096 0.999111980061068 0.03852053025102385 0.0 -0.20791169081775934 -0.034136858966368686 0.9775517396441022 0.0 0.0 0.0 0.0 1.0
33 0.9987820251299123 -0.04931077644663821 -0.0017069281242210223 0.0 0.03487823687206265 0.7300775238406627 -0.6824736755182453 0.0 0.034899496702500976 0.6815829050885275 0.7309081807046599 0.0 0.0 0.0 0.0 1.0
34 0.9901172461182298 -0.1400396527808424 0.007532236604999327 0.0 0.1391519042226892 0.9876863936124664 0.07150059736813127 0.0 -0.01745240643728351 -0.069745849495301 0.9974121164231596 0.0 0.0 0.0 0.0 1.0
35 0.8186530389963586 0.055202637655585425 0.5716291372366291 0.0 0.0285879940685106 0.9902180989770675 -0.13656808944032844 0.0 -0.573576436351046 0.12814361183495993 0.8090669233189092 0.0 0.0 0.0 0.0 1.0
36 0.7572277608124125 0.13417238379863533 0.6392213151020631 0.0 0.1748198034088223 0.9013313802383006 -0.39628244893487297 0.0 -0.6293203910498373 0.41182461609708465 0.6590571530492392 0.0 0.0 0.0 0.0 1.0
37 0.8763662353930963 -0.06417322260018328 0.47735104374457843 0.0 0.10760424340287288 0.9921205190413117 -0.06417322260018328 0.0 -0.4694715627858906 0.10760424340287288 0.8763662353930963 0.0 0.0 0.0 0.0 1.0
38 0.9842078347376879 -0.05871229058353768 0.16699642204366563 0.0 0.03436929492884694 0.9888214026313766 0.14508957669043843 0.0 -0.17364817766693033 -0.1370587488362232 0.9752236716571245 0.0 0.0 0.0 0.0 1.0
39 0.8045851146309163 -0.19198022871271775 0.5619487388523686 0.0 -0.08456530317942913 0.8996152921230601 0.4284168947141465 0.0 -0.587785252292473 -0.39221922181575125 0.7075822066910106 0.0 0.0 0.0 0.0 1.0
40 0.9065203163653298 0.31514574868066003 0.28089868832981224 0.0 -0.15984399033558105 0.8720696705096693 -0.4625412290064054 0.0 -0.3907311284892738 0.37440305402822704 0.840923027609445 0.0 0.0 0.0 0.0 1.0
41 0.7376055366397493 -0.4376134514748417 0.5142300452197084 0.0 0.09056657193586298 0.8187969279252452 0.5668944230348066 0.0 -0.669130606358858 -0.37157241273869696 0.6435822975543763 0.0 0.0 0.0 0.0 1.0
42 0.7069990853988243 -0.2486649294574323 -0.6620559236976559 0.0 -0.012340714939826913 0.9316655531587466 -0.36310742737126833 0.0 0.7071067811865476 0.26488686248158333 0.655617990970857 0.0 0.0 0.0 0.0 1.0
43 0.8137584678309076 -0.19307575904402716 -0.5481960482373678 0.0 -0.2028927735810069 0.7895005957627268 -0.5792437584634863 0.0 0.5446390350150272 0.58258953008089 0.6032891188957644 0.0 0.0 0.0 0.0 1.0
44 0.9701479455371519 -0.11337906752584011 -0.21437852228480028 0.0 -0.016933995379327868 0.8501563166492175 -0.5262579947724579 0.0 0.24192189559966773 0.5141783973567993 0.8228574433770756 0.0 0.0 0.0 0.0 1.0
45 0.9058490979651569 0.15061400073024173 0.39592023754759276 0.0 -0.2258535464729493 0.9624477119977074 0.15061400073024173 0.0 -0.35836794954530027 -0.2258535464729493 0.9058490979651569 0.0 0.0 0.0 0.0 1.0
46 0.9768070834421029 0.15702514744434554 0.14557137358496675 0.0 -0.2076267550713758 0.8607825062410691 0.4646984049121263 0.0 -0.05233595624294383 -0.4841452055111411 0.8734210712277963 0.0 0.0 0.0 0.0 1.0
47 0.8966046291756132 0.0697564737441253 -0.4373032967079561 0.0 -0.06269670329204399 0.9975640502598244 0.03057922539117438 0.0 0.4383711467890775 0.0 0.8987940462991671 0.0 0.0 0.0 0.0 1.0
48 0.9454271096723793 -0.13595200203482116 -0.29611591216828315 0.0 0.21826904665113162 0.9390026053428571 0.2657681892803056 0.0 0.2419218955996677 -0.3158973888813426 0.9174326330185846 0.0 0.0 0.0 0.0 1.0
49 0.7183539701426352 -0.4946107719930961 -0.4892113631230445 0.0 0.03764733631433162 0.7298238507251545 -0.6825978501146504 0.0 0.6946583704589971 0.47192937092440074 0.542892638751116 0.0 0.0 0.0 0.0 1.0
50 0.9992386149554828 0.0037882688272032373 -0.03883090780733451 0.0 -0.01744177490283016 0.9336565124990563 -0.3577447430170551 0.0 0.03489949670250097 0.3581496414732153 0.9330117145258787 0.0 0.0 0.0 0.0 1.0
51 0.8613322685281437 0.02646938223215238 0.5073520424679591 0.0 -0.15187611829634035 0.9663900320275555 0.20742215573321993 0.0 -0.4848096202463371 -0.2557140547604459 0.8364029855964014 0.0 0.0 0.0 0.0 1.0
52 0.9648875622944737 -0.08515658209123915 -0.24847605247984422 0.0 0.2227618461464792 0.7665346126554684 0.6023303474859485 0.0 0.13917310096006547 -0.6365320448552996 0.7585893512576422 0.0 0.0 0.0 0.0 1.0
53 0.9345448862875817 0.09759212741187617 -0.3422011574804431 0.0 0.09822462559470482 0.8535475458149362 0.5116722681170822 0.0 0.34202014332566866 -0.5117932821955788 0.7880925439686417 0.0 0.0 0.0 0.0 1.0
54 0.8203436038418744 -0.15108651069434195 -0.5515516638737789 0.0 0.17436941582062362 0.9846256768891865 -0.01037223393900999 0.0 0.5446390350150271 -0.08766494565514533 0.8340762428226692 0.0 0.0 0.0 0.0 1.0
55 0.9330127018922192 0.1744169575846678 -0.3147475544220936 0.0 -0.24999999999999994 0.9433046521303027 -0.21834910869826862 0.0 0.2588190451025207 0.2824093804678529 0.9237194615877607 0.0 0.0 0.0 0.0 1.0
56 0.713977950548565 -0.1458576260615645 -0.6848073006694331 0.0 0.0876654691524613 0.9889870131248739 -0.11924534954713813 0.0 0.6946583704589973 0.025104596989896463 0.7189015979681956 0.0 0.0 0.0 0.0 1.0
57 0.884365096670475 -0.08213264752641936 -0.45951344267749367 0.0 0.10858638007253907 0.9935913253351203 0.031389110875291296 0.0 0.4539904997395467 -0.07765633540864646 0.8876159753616066 0.0 0.0 0.0 0.0 1.0
58 0.9998476951563912 0.0009133883796357411 0.017428488520812163 0.0 0.0 0.9986295347545738 -0.052335956242943835 0.0 -0.01745240643728351 0.05232798522331314 0.9984774386394599 0.0 0.0 0.0 0.0 1.0
59 0.786930812255882 -0.13739271669547187 -0.6015506114379202 0.0 0.0412412963197306 0.9844266119909031 -0.17089002628000327 0.0 0.6156614753256583 0.1096699001693256 0.780341887121718 0.0 0.0 0.0 0.0 1.0
60 0.8088937771681423 -0.1846038801774358 0.5582224150659757 0.0 -0.01411929340050111 0.943058035039205 0.33232843408571544 0.0 -0.587785252292473 -0.27670010836902126 0.7602272997045327 0.0 0.0 0.0 0.0 1.0
61 0.8720960219263919 -0.22693003460099445 -0.43353349113552203 0.0 0.21743795943439 0.9734057950609467 -0.07212414255140218 0.0 0.43837114678907746 -0.03136745985504527 0.898246525250764 0.0 0.0 0.0 0.0 1.0
62 0.9690323636203193 0.2201045681378598 -0.11193863203230277 0.0 -0.1018494055260046 0.7692174148240333 0.6308179351646801 0.0 0.22495105434386503 -0.5998821115988351 0.7678140890432437 0.0 0.0 0.0 0.0 1.0
63 0.9387347441136001 -0.2243632372043778 -0.26160699146839667 0.0 0.18247154975911858 0.9675115397836382 -0.17500158260426932 0.0 0.2923717047227367 0.11654423270443495 0.9491766053274044 0.0 0.0 0.0 0.0 1.0
64 0.924856726171717 -0.36759562069332663 -0.09753715036857141 0.0 0.19658436575245333 0.6816122617298963 -0.7048115434647483 0.0 0.32556815445715664 0.6326754178143347 0.7026572368493886 0.0 0.0 0.0 0.0 1.0
65 0.9497531263931348 -0.00887871235576303 -0.31287404394319657 0.0 0.04977445222138975 0.991161745565118 0.12296706076981867 0.0 0.3090169943749474 -0.13236148456107355 0.9418008996556874 0.0 0.0 0.0 0.0 1.0
66 0.7153718685265791 -0.6008822189163012 -0.3566281658969367 0.0 0.15205698468946877 0.632025664527925 -0.7598830388850519 0.0 0.6819983600624985 0.48937114582723096 0.5435017189520246 0.0 0.0 0.0 0.0 1.0
67 0.987086667544493 -0.154416065738217 0.04260973360440322 0.0 0.15633916939084616 0.9866204753718402 -0.046239611711436555 0.0 -0.03489949670250096 0.05230407459247085 0.9980211966240684 0.0 0.0 0.0 0.0 1.0
68 0.992546151641322 -0.12179510389394452 0.004253178748303903 0.0 0.12186934340514749 0.9919415193434417 -0.034639361146286345 0.0 0.0 0.03489949670250097 0.9993908270190957 0.0 0.0 0.0 0.0 1.0
69 0.9555547539512126 -0.18984441923001338 -0.2255531172217678 0.0 0.16849008466583748 0.9794783904471741 -0.11060367994019087 0.0 0.2419218955996677 0.06768440835400853 0.9679321346536809 0.0 0.0 0.0 0.0 1.0
70 0.7811834080135787 0.16733246744018943 -0.6014585009663331 0.0 0.16604565924103631 0.8730200021781602 0.45854652418708264 0.0 0.6018150231520483 -0.45807850979632636 0.6542039106970216 0.0 0.0 0.0 0.0 1.0
71 0.9937680178757644 -0.09818267940213429 -0.05277582886788186 0.0 0.06949102930147366 0.9158870307291324 -0.3953756995425932 0.0 0.08715574274765815 0.3892442785804191 0.9170020545770401 0.0 0.0 0.0 0.0 1.0
72 0.8366276085933444 0.22555759729277858 -0.49917733807024 0.0 -0.05850270145285562 0.9428674310233153 0.3279915264731881 0.0 0.5446390350150272 -0.2452035436509895 0.8020246528124291 0.0 0.0 0.0 0.0 1.0
73 0.9923949820549218 -0.12186934340514749 -0.017322318846205987 0.0 0.12185078211385947 0.992546151641322 -0.0021269133133515108 0.0 0.017452406437283515 2.168404344971009e-19 0.9998476951563912 0.0 0.0 0.0 0.0 1.0
74 0.9781476007338055 -0.20082727174830145 -0.053811505283102995 0.0 0.2079116908177593 0.9448180294714708 0.2531632279912452 0.0 3.469446951953614e-18 -0.2588190451025207 0.9659258262890681 0.0 0.0 0.0 0.0 1.0
75 0.862729915662821 -0.12168895038949404 0.4908043316572555 0.0 0.07547908730517333 0.9907281792354512 0.11296274717085228 0.0 -0.5 -0.0604108783408347 0.8639158094271044 0.0 0.0 0.0 0.0 1.0
76 0.70183611446619 0.09730137673143563 -0.7056617536165383 0.0 -0.08617463914053183 0.9949489708779656 0.05148278273244191 0.0 0.7071067811865474 0.024677670778335985 0.7066760308408343 0.0 0.0 0.0 0.0 1.0
77 0.9101488756965443 0.28998364694940015 -0.29586907335888046 0.0 -0.17691501981924118 0.917836509425709 0.3553550586773577 0.0 0.37460659341591207 -0.2710823241510897 0.8866703297743584 0.0 0.0 0.0 0.0 1.0
78 0.9419205919592987 -0.24174897526838882 0.233115918374804 0.0 0.08240737373806625 0.839291245783271 0.537400436830079 0.0 -0.32556815445715664 -0.48697806696836865 0.8104676052101725 0.0 0.0 0.0 0.0 1.0
79 0.7675780050716485 0.49190923816315657 -0.41091277363933487 0.0 -0.1215724127386971 0.7411907235975227 0.6601942590737007 0.0 0.6293203910498374 -0.45679493502306223 0.6287242899285473 0.0 0.0 0.0 0.0 1.0
80 0.8317057685747914 -0.10754316758488641 0.54470173638903 0.0 -0.20736753823190535 0.8498981647309166 0.48442936912893586 0.0 -0.5150380749100542 -0.5158561589172204 0.6845642443920926 0.0 0.0 0.0 0.0 1.0
81 0.9623739524133057 -0.1959545585252073 -0.18825032990564264 0.0 0.15242505983589336 0.9628271366852055 -0.22300337664841038 0.0 0.224951054343865 0.1859185731866496 0.9564681423308482 0.0 0.0 0.0 0.0 1.0
82 0.982408810822135 0.18225681449067 0.040686385815801536 0.0 -0.17322517943366061 0.9707882314768919 -0.16602182638480065 0.0 -0.0697564737441253 0.15605339854576158 0.9852823814384906 0.0 0.0 0.0 0.0 1.0
83 0.9870866675444929 -0.11633723531715484 -0.11011611341973752 0.0 0.15633916939084613 0.8494259910221155 0.5040174103047206 0.0 0.03489949670250096 -0.5147243276306821 0.8566451375424098 0.0 0.0 0.0 0.0 1.0
84 0.8384361386092436 0.2425473719463074 0.4880528801635749 0.0 -0.17821510280267092 0.9682951891355895 -0.17505371698397665 0.0 -0.5150380749100543 0.05979296830574962 0.8550792842386797 0.0 0.0 0.0 0.0 1.0
85 0.9757648823399445 -0.16472330433790183 0.1440455740386252 0.0 0.20740522838853231 0.9060564602577253 -0.36884246239057356 0.0 -0.06975647374412527 0.3897793270983518 0.9182625498938423 0.0 0.0 0.0 0.0 1.0
86 0.8041019140507993 -0.5080821632986644 0.30866264295763235 0.0 0.15630157863142544 0.6816210953136179 0.7148164092554036 0.0 -0.5735764363510463 -0.5265407845183633 0.6275068715971333 0.0 0.0 0.0 0.0 1.0
87 0.7390738003669027 0.3360670687977902 0.583805483770823 0.0 -0.07767978659246061 0.9034007762174059 -0.4217023693136406 0.0 -0.6691306063588581 0.26631928732153376 0.6937854631183742 0.0 0.0 0.0 0.0 1.0
88 0.8186530389963584 -0.13390912391863175 0.5584581884737403 0.0 0.028587994068510578 0.9807318273142878 0.19325581359409852 0.0 -0.5735764363510463 -0.14224425972292407 0.8067072841115988 0.0 0.0 0.0 0.0 1.0
89 0.8681004244708672 0.4125494915726992 0.2760517524606704 0.0 -0.10658932943828053 0.6980710052339052 -0.7080505536341472 0.0 -0.484809620246337 0.5852348149715908 0.6499691096211958 0.0 0.0 0.0 0.0 1.0
90 0.9706622925183618 -0.1390051260892131 -0.19619451777233712 0.0 0.2240950476675064 0.8187528042109035 0.5286069004540895 0.0 0.08715574274765817 -0.5570650056480874 0.825882834298183 0.0 0.0 0.0 0.0 1.0
91 0.8553631939770866 -0.05933041330454149 0.5146199650678447 0.0 0.13547622075226862 0.9844662754607991 -0.1116796583582929 0.0 -0.5 0.1652454372666753 0.8501140779110447 0.0 0.0 0.0 0.0 1.0
92 0.8612812260087741 -0.28319433313516823 0.4218952706596154 0.0 0.09052430460833644 0.9025261186287749 0.42101301104366784 0.0 -0.4999999999999999 -0.3244188263233282 0.8029647720336143 0.0 0.0 0.0 0.0 1.0
93 0.9469980638158938 -0.27440774279329694 0.16701813621291567 0.0 0.13309189835023427 0.8083471705501692 0.5734643829019083 0.0 -0.2923717047227367 -0.5208408994679886 0.8020246528124291 0.0 0.0 0.0 0.0 1.0
94 0.9870866675444929 0.15795613437123648 -0.026641515917894973 0.0 -0.15633916939084616 0.9137235240043522 -0.3750565101358036 0.0 -0.03489949670250097 0.37437839320073446 0.9266190392142546 0.0 0.0 0.0 0.0 1.0
95 0.8137584678309076 -0.490713223470858 0.3114445188863233 0.0 0.2028927735810069 0.7419967698824452 0.6389642524528454 0.0 -0.5446390350150271 -0.4567727288213003 0.7033683215379001 0.0 0.0 0.0 0.0 1.0
96 0.8645398225040035 0.46183903910667123 -0.1981807186932484 0.0 -0.2155539873233211 0.6969852174858919 0.6839211103301033 0.0 0.45399049973954675 -0.5485583912065974 0.7021227225941816 0.0 0.0 0.0 0.0 1.0
97 0.9737765048683662 0.06203729818114974 0.21888511187545864 0.0 -0.03400502486298797 0.9909847622996978 -0.12958726470559956 0.0 -0.224951054343865 0.11874584002900763 0.967107258077091 0.0 0.0 0.0 0.0 1.0
98 0.9606761212855753 0.06613793314642478 0.2696797430116364 0.0 0.03354754938763985 0.936459072641732 -0.34916896654352303 0.0 -0.2756373558169993 0.3444853829498533 0.8974151040695195 0.0 0.0 0.0 0.0 1.0
99 0.9661049806258879 -0.18141497731539727 0.18365666994559943 0.0 0.2053519528941221 0.9711929418516809 -0.12089187375521955 0.0 -0.15643446504023084 0.15450849718747373 0.9755282581475769 0.0 0.0 0.0 0.0 1.0
100 0.9549941735309526 0.004336299582936194 -0.29659286071626906 0.0 0.05004912386300051 0.9832015714157667 0.1755270781563731 0.0 0.2923717047227368 -0.18247154975911864 0.9387347441136004 0.0 0.0 0.0 0.0 1.0
