1 1.0 0.0 0.0 0.0 0.0 1.0 0.0 0.0 0.0 0.0 1.0 0.0 0.0 0.0 0.0 1.0
2 0.9998477299494195 0.00045681015174138247 0.017444432907890026 0.0 0.00045681015174138247 0.9986295695447759 -0.052333298723670076 0.0 -0.017444432907890026 0.052333298723670076 0.9984772994941954 0.0 0.0 0.0 0.0 1.0
3 0.9984774541094652 -0.05201816027803529 0.018354417353034932 0.0 0.052627178634249185 0.9980206903423048 -0.034425015870267736 0.0 -0.016527362284393228 0.035338543404588585 0.9992387270547326 0.0 0.0 0.0 0.0 1.0
4 0.9984779178799191 -0.051681956576413106 0.01925676168557885 0.0 0.05289962227247779 0.9961947946997979 -0.069264427929903 0.0 -0.015603764597384783 0.07017767720195153 0.9974124603958625 0.0 0.0 0.0 0.0 1.0
5 0.9975642976141129 -0.06974230397781102 0.0012178511929435308 0.0 0.06974230397781102 0.9969553720176412 -0.03487115198890551 0.0 0.0012178511929435308 0.03487115198890551 0.9993910744035283 0.0 0.0 0.0 0.0 1.0
6 0.9998477106207445 0.00030457875851106484 0.01744886237655296 0.0 0.00030457875851106484 0.9993908424829778 -0.03489772475310592 0.0 -0.01744886237655296 0.03489772475310592 0.9992385531037223 0.0 0.0 0.0 0.0 1.0
7 0.9996954057774498 -0.01729833724166259 0.017602931464212802 0.0 0.017602931464212802 0.9996954057774498 -0.01729833724166259 0.0 -0.01729833724166259 0.017602931464212802 0.9996954057774498 0.0 0.0 0.0 0.0 1.0
8 0.9992385724331825 -0.03474366734432557 0.017752547455571515 0.0 0.03504823837105255 0.9992385724331825 -0.017143405402117545 0.0 -0.017143405402117545 0.017752547455571515 0.999695428973273 0.0 0.0 0.0 0.0 1.0
9 1.0 0.0 0.0 0.0 0.0 0.9998476951563913 -0.01745240643728351 0.0 0.0 0.01745240643728351 0.9998476951563913 0.0 0.0 0.0 0.0 1.0
10 0.9980210922930242 -0.051388072788038405 0.03623762289900148 0.0 0.0532147568252469 0.9972599739441873 -0.051388072788038405 0.0 -0.03349759684318873 0.0532147568252469 0.9980210922930242 0.0 0.0 0.0 0.0 1.0
11 0.9974129202128349 -0.014989167417235452 0.07030498881760223 0.0 0.019858964663663888 0.9974129202128349 -0.06908753950599512 0.0 -0.06908753950599512 0.07030498881760223 0.9951302027535716 0.0 0.0 0.0 0.0 1.0
12 0.9998477570062675 -0.017438232785164196 0.0006089719749299348 0.0 0.017438232785164196 0.9974118691065478 -0.06975293114065678 0.0 0.0006089719749299348 0.06975293114065678 0.9975641121002803 0.0 0.0 0.0 0.0 1.0
13 0.9998477106207445 -0.01744886237655296 0.00030457875851106484 0.0 0.01744886237655296 0.9992385531037223 -0.03489772475310592 0.0 0.00030457875851106484 0.03489772475310592 0.9993908424829778 0.0 0.0 0.0 0.0 1.0
14 0.9980210922930242 -0.051388072788038405 0.03623762289900148 0.0 0.0532147568252469 0.9972599739441873 -0.051388072788038405 0.0 -0.03349759684318873 0.0532147568252469 0.9980210922930242 0.0 0.0 0.0 0.0 1.0
15 0.9987820560501401 -0.03396300760793349 0.03578992353272329 0.0 0.03578992353272329 0.9980208410814777 -0.05170572638056265 0.0 -0.03396300760793349 0.05292367033042252 0.9980208410814777 0.0 0.0 0.0 0.0 1.0
16 0.9984773381491904 -0.052178375100273844 0.017900345650361138 0.0 0.052482907470435755 0.9984773381491904 -0.01698674853987539 0.0 -0.01698674853987539 0.017900345650361138 0.9996954676298381 0.0 0.0 0.0 0.0 1.0
17 0.9969554493119317 -0.03426047076540696 0.07004321687484805 0.0 0.035478291040634255 0.999238862327983 -0.016216870176283003 0.0 -0.06943430673723439 0.018652510726737605 0.997412131915142 0.0 0.0 0.0 0.0 1.0
18 0.9980208410814777 -0.05170572638056265 0.03578992353272329 0.0 0.05292367033042252 0.9980208410814777 -0.03396300760793349 0.0 -0.03396300760793349 0.03578992353272329 0.9987820560501401 0.0 0.0 0.0 0.0 1.0
19 0.9980208410814777 -0.03396300760793349 0.05292367033042252 0.0 0.03578992353272329 0.9987820560501401 -0.03396300760793349 0.0 -0.05170572638056265 0.03578992353272329 0.9980208410814777 0.0 0.0 0.0 0.0 1.0
20 0.999695428973273 -0.017143405402117545 0.017752547455571515 0.0 0.017752547455571515 0.9992385724331826 -0.03474366734432557 0.0 -0.017143405402117545 0.03504823837105255 0.9992385724331826 0.0 0.0 0.0 0.0 1.0
21 0.9987820560501401 -0.03396300760793349 0.03578992353272329 0.0 0.03578992353272329 0.9980208410814777 -0.05170572638056265 0.0 -0.03396300760793349 0.05292367033042252 0.9980208410814777 0.0 0.0 0.0 0.0 1.0
22 0.998782272474154 -0.03364634044327154 0.03608179549496368 0.0 0.03608179549496368 0.9969556811853848 -0.06911927217531219 0.0 -0.03364634044327154 0.07033699970115825 0.9969556811853848 0.0 0.0 0.0 0.0 1.0
23 0.9974129202128349 -0.014989167417235452 0.07030498881760223 0.0 0.019858964663663888 0.9974129202128349 -0.06908753950599512 0.0 -0.06908753950599512 0.07030498881760223 0.9951302027535716 0.0 0.0 0.0 0.0 1.0
24 0.9993909661827302 -0.03488355110106177 0.0009135507259048043 0.0 0.03488355110106177 0.9980206400938729 -0.052325326651592646 0.0 0.0009135507259048043 0.052325326651592646 0.9986296739111428 0.0 0.0 0.0 0.0 1.0
25 0.9980210922930242 -0.051388072788038405 0.03623762289900148 0.0 0.0532147568252469 0.9972599739441873 -0.051388072788038405 0.0 -0.03349759684318873 0.0532147568252469 0.9980210922930242 0.0 0.0 0.0 0.0 1.0
26 0.9980210922930242 -0.051388072788038405 0.03623762289900148 0.0 0.0532147568252469 0.9972599739441873 -0.051388072788038405 0.0 -0.03349759684318873 0.0532147568252469 0.9980210922930242 0.0 0.0 0.0 0.0 1.0
27 0.999238862327983 -0.016216870176283003 0.035478291040634255 0.0 0.018652510726737605 0.997412131915142 -0.06943430673723439 0.0 -0.03426047076540696 0.07004321687484805 0.9969554493119317 0.0 0.0 0.0 0.0 1.0
28 0.9986295347545738 0.0 0.05233595624294383 0.0 0.0 1.0 0.0 0.0 -0.05233595624294383 0.0 0.9986295347545738 0.0 0.0 0.0 0.0 1.0
29 0.999238862327983 -0.03426047076540696 0.018652510726737605 0.0 0.035478291040634255 0.9969554493119317 -0.06943430673723439 0.0 -0.016216870176283003 0.07004321687484805 0.997412131915142 0.0 0.0 0.0 0.0 1.0
30 0.9974118691065478 -0.017438232785164196 0.06975293114065678 0.0 0.017438232785164196 0.9998477570062675 0.0006089719749299348 0.0 -0.06975293114065678 0.0006089719749299348 0.9975641121002803 0.0 0.0 0.0 0.0 1.0
31 0.9974119348106979 -0.06959714951633397 0.018046303676409022 0.0 0.06990162777389894 0.9974119348106979 -0.016828390646149206 0.0 -0.016828390646149206 0.018046303676409022 0.999695521742435 0.0 0.0 0.0 0.0 1.0
32 0.9969554493119317 -0.03426047076540696 0.07004321687484805 0.0 0.035478291040634255 0.999238862327983 -0.016216870176283003 0.0 -0.06943430673723439 0.018652510726737605 0.997412131915142 0.0 0.0 0.0 0.0 1.0
33 0.9972603217402395 -0.05091829415134601 0.053657972411106564 0.0 0.053657972411106564 0.9972603217402395 -0.05091829415134601 0.0 -0.05091829415134601 0.053657972411106564 0.9972603217402395 0.0 0.0 0.0 0.0 1.0
34 0.9974118691065478 -0.017438232785164196 0.06975293114065678 0.0 0.017438232785164196 0.9998477570062675 0.0006089719749299348 0.0 -0.06975293114065678 0.0006089719749299348 0.9975641121002803 0.0 0.0 0.0 0.0 1.0
35 0.9998477570062675 0.0006089719749299348 0.017438232785164196 0.0 0.0006089719749299348 0.9975641121002803 -0.06975293114065678 0.0 -0.017438232785164196 0.06975293114065678 0.9974118691065478 0.0 0.0 0.0 0.0 1.0
36 0.9980210922930242 -0.051388072788038405 0.03623762289900148 0.0 0.0532147568252469 0.9972599739441873 -0.051388072788038405 0.0 -0.03349759684318873 0.0532147568252469 0.9980210922930242 0.0 0.0 0.0 0.0 1.0
37 0.9986298478409578 -0.05231204148383734 0.001370152159042293 0.0 0.05231204148383734 0.9972596956819154 -0.05231204148383734 0.0 0.001370152159042293 0.05231204148383734 0.9986298478409578 0.0 0.0 0.0 0.0 1.0
38 0.997412131915142 -0.016216870176283003 0.07004321687484805 0.0 0.018652510726737605 0.999238862327983 -0.03426047076540696 0.0 -0.06943430673723439 0.035478291040634255 0.9969554493119317 0.0 0.0 0.0 0.0 1.0
39 0.9984772994941954 -0.052333298723670076 0.017444432907890026 0.0 0.052333298723670076 0.9986295695447759 0.00045681015174138247 0.0 -0.017444432907890026 0.00045681015174138247 0.9998477299494195 0.0 0.0 0.0 0.0 1.0
40 0.9986295695447759 -0.052333298723670076 0.00045681015174138247 0.0 0.052333298723670076 0.9984772994941954 -0.017444432907890026 0.0 0.00045681015174138247 0.017444432907890026 0.9998477299494195 0.0 0.0 0.0 0.0 1.0
41 0.9974124603958625 -0.015603764597384783 0.07017767720195153 0.0 0.01925676168557885 0.9984779178799191 -0.051681956576413106 0.0 -0.069264427929903 0.05289962227247779 0.9961947946997979 0.0 0.0 0.0 0.0 1.0
42 0.997565039556422 -0.06969980503869781 0.0024349604435780496 0.0 0.06969980503869781 0.9951300791128439 -0.06969980503869781 0.0 0.0024349604435780496 0.06969980503869781 0.997565039556422 0.0 0.0 0.0 0.0 1.0
43 0.9984772994941954 -0.017444432907890026 0.052333298723670076 0.0 0.017444432907890026 0.9998477299494195 0.00045681015174138247 0.0 -0.052333298723670076 0.00045681015174138247 0.9986295695447759 0.0 0.0 0.0 0.0 1.0
44 0.998782272474154 -0.03364634044327154 0.03608179549496368 0.0 0.03608179549496368 0.9969556811853848 -0.06911927217531219 0.0 -0.03364634044327154 0.07033699970115825 0.9969556811853848 0.0 0.0 0.0 0.0 1.0
45 0.9984779178799191 -0.015603764597384783 0.05289962227247779 0.0 0.01925676168557885 0.9974124603958625 -0.069264427929903 0.0 -0.051681956576413106 0.07017767720195153 0.9961947946997979 0.0 0.0 0.0 0.0 1.0
46 0.9986298478409578 0.001370152159042293 0.05231204148383734 0.0 0.001370152159042293 0.9986298478409578 -0.05231204148383734 0.0 -0.05231204148383734 0.05231204148383734 0.9972596956819154 0.0 0.0 0.0 0.0 1.0
47 0.9969566085379296 -0.03240810791956151 0.07090299876326381 0.0 0.03727753425887414 0.9969566085379296 -0.06846828559360749 0.0 -0.06846828559360749 0.07090299876326381 0.9951305736606874 0.0 0.0 0.0 0.0 1.0
48 0.9996954057774498 -0.01729833724166259 0.017602931464212802 0.0 0.017602931464212802 0.9996954057774498 -0.01729833724166259 0.0 -0.01729833724166259 0.017602931464212802 0.9996954057774498 0.0 0.0 0.0 0.0 1.0
49 0.9993908424829778 0.00030457875851106484 0.03489772475310592 0.0 0.00030457875851106484 0.9998477106207445 -0.01744886237655296 0.0 -0.03489772475310592 0.01744886237655296 0.9992385531037223 0.0 0.0 0.0 0.0 1.0
50 0.9992387270547326 -0.016527362284393228 0.035338543404588585 0.0 0.018354417353034932 0.9984774541094652 -0.05201816027803529 0.0 -0.034425015870267736 0.052627178634249185 0.9980206903423048 0.0 0.0 0.0 0.0 1.0
51 0.9998476951563913 0.0 0.01745240643728351 0.0 0.0 1.0 0.0 0.0 -0.01745240643728351 0.0 0.9998476951563913 0.0 0.0 0.0 0.0 1.0
52 0.9986296739111428 0.0009135507259048043 0.052325326651592646 0.0 0.0009135507259048043 0.9993909661827302 -0.03488355110106177 0.0 -0.052325326651592646 0.03488355110106177 0.9980206400938729 0.0 0.0 0.0 0.0 1.0
53 0.998021443946335 -0.033028854724228854 0.0535003941936734 0.0 0.03668157359253359 0.9969560676097461 -0.06879724859968626 0.0 -0.05106524828147026 0.07062360803383862 0.9961950845121825 0.0 0.0 0.0 0.0 1.0
54 0.998021443946335 -0.05106524828147026 0.03668157359253359 0.0 0.0535003941936734 0.9961950845121825 -0.06879724859968626 0.0 -0.033028854724228854 0.07062360803383862 0.9969560676097461 0.0 0.0 0.0 0.0 1.0
55 0.9993908270190958 0.0 0.03489949670250097 0.0 0.0 1.0 0.0 0.0 -0.03489949670250097 0.0 0.9993908270190958 0.0 0.0 0.0 0.0 1.0
56 0.9975646067787172 0.0018265449159621382 0.06972459419812653 0.0 0.0018265449159621382 0.9986300913130284 -0.0522934456485949 0.0 -0.06972459419812653 0.0522934456485949 0.9961946980917455 0.0 0.0 0.0 0.0 1.0
57 0.9996954676298381 -0.01698674853987539 0.017900345650361138 0.0 0.017900345650361138 0.9984773381491904 -0.052178375100273844 0.0 -0.01698674853987539 0.052482907470435755 0.9984773381491904 0.0 0.0 0.0 0.0 1.0
58 0.9984774541094652 -0.016527362284393228 0.052627178634249185 0.0 0.018354417353034932 0.9992387270547326 -0.034425015870267736 0.0 -0.05201816027803529 0.035338543404588585 0.9980206903423048 0.0 0.0 0.0 0.0 1.0
59 0.9969566085379296 -0.06846828559360749 0.03727753425887414 0.0 0.07090299876326381 0.9951305736606874 -0.06846828559360749 0.0 -0.03240810791956151 0.07090299876326381 0.9969566085379296 0.0 0.0 0.0 0.0 1.0
60 0.9961955674935844 -0.050443414941513116 0.07106231909509979 0.0 0.054095670147672116 0.9972608085953808 -0.050443414941513116 0.0 -0.06832312769048053 0.054095670147672116 0.9961955674935844 0.0 0.0 0.0 0.0 1.0
61 1.0 0.0 0.0 0.0 0.0 1.0 0.0 0.0 0.0 0.0 1.0 0.0 0.0 0.0 0.0 1.0
62 0.9961955674935844 -0.06832312769048053 0.054095670147672116 0.0 0.07106231909509979 0.9961955674935844 -0.050443414941513116 0.0 -0.050443414941513116 0.054095670147672116 0.9972608085953808 0.0 0.0 0.0 0.0 1.0
63 0.9993908270190958 -0.03489949670250097 0.0 0.0 0.03489949670250097 0.9993908270190958 0.0 0.0 0.0 0.0 1.0 0.0 0.0 0.0 0.0 1.0
64 0.9992385724331825 -0.03474366734432557 0.017752547455571515 0.0 0.03504823837105255 0.9992385724331825 -0.017143405402117545 0.0 -0.017143405402117545 0.017752547455571515 0.999695428973273 0.0 0.0 0.0 0.0 1.0
65 0.997412131915142 -0.06943430673723439 0.018652510726737605 0.0 0.07004321687484805 0.9969554493119317 -0.03426047076540696 0.0 -0.016216870176283003 0.035478291040634255 0.999238862327983 0.0 0.0 0.0 0.0 1.0
66 0.9974118691065478 -0.06975293114065678 0.017438232785164196 0.0 0.06975293114065678 0.9975641121002803 0.0006089719749299348 0.0 -0.017438232785164196 0.0006089719749299348 0.9998477570062675 0.0 0.0 0.0 0.0 1.0
67 0.9993908424829778 -0.03489772475310592 0.00030457875851106484 0.0 0.03489772475310592 0.9992385531037223 -0.01744886237655296 0.0 0.00030457875851106484 0.01744886237655296 0.9998477106207445 0.0 0.0 0.0 0.0 1.0
68 0.9993908888727402 0.0006091111272598649 0.03489240922878522 0.0 0.0006091111272598649 0.9993908888727402 -0.03489240922878522 0.0 -0.03489240922878522 0.03489240922878522 0.9987817777454803 0.0 0.0 0.0 0.0 1.0
69 0.9986295695447759 0.00045681015174138247 0.052333298723670076 0.0 0.00045681015174138247 0.9998477299494195 -0.017444432907890026 0.0 -0.052333298723670076 0.017444432907890026 0.9984772994941954 0.0 0.0 0.0 0.0 1.0
70 0.9998476951563913 -0.01745240643728351 0.0 0.0 0.01745240643728351 0.9998476951563913 0.0 0.0 0.0 0.0 1.0 0.0 0.0 0.0 0.0 1.0
71 0.9998477106207445 0.00030457875851106484 0.01744886237655296 0.0 0.00030457875851106484 0.9993908424829778 -0.03489772475310592 0.0 -0.01744886237655296 0.03489772475310592 0.9992385531037223 0.0 0.0 0.0 0.0 1.0
72 0.9998477299494195 -0.017444432907890026 0.00045681015174138247 0.0 0.017444432907890026 0.9984772994941954 -0.052333298723670076 0.0 0.00045681015174138247 0.052333298723670076 0.9986295695447759 0.0 0.0 0.0 0.0 1.0
73 0.9986298478409578 0.001370152159042293 0.05231204148383734 0.0 0.001370152159042293 0.9986298478409578 -0.05231204148383734 0.0 -0.05231204148383734 0.05231204148383734 0.9972596956819154 0.0 0.0 0.0 0.0 1.0
74 0.9993908888727402 0.0006091111272598649 0.03489240922878522 0.0 0.0006091111272598649 0.9993908888727402 -0.03489240922878522 0.0 -0.03489240922878522 0.03489240922878522 0.9987817777454803 0.0 0.0 0.0 0.0 1.0
75 0.9972597652496027 -0.05185267890139361 0.052766090484859376 0.0 0.052766090484859376 0.9984776473608904 -0.01606634418917685 0.0 -0.05185267890139361 0.018806578939574145 0.9984776473608904 0.0 0.0 0.0 0.0 1.0
76 0.998782272474154 -0.03364634044327154 0.03608179549496368 0.0 0.03608179549496368 0.9969556811853848 -0.06911927217531219 0.0 -0.03364634044327154 0.07033699970115825 0.9969556811853848 0.0 0.0 0.0 0.0 1.0
77 0.9974119348106979 -0.016828390646149206 0.06990162777389894 0.0 0.018046303676409022 0.999695521742435 -0.016828390646149206 0.0 -0.06959714951633397 0.018046303676409022 0.9974119348106979 0.0 0.0 0.0 0.0 1.0
78 0.9984779178799191 -0.015603764597384783 0.05289962227247779 0.0 0.01925676168557885 0.9974124603958625 -0.069264427929903 0.0 -0.051681956576413106 0.07017767720195153 0.9961947946997979 0.0 0.0 0.0 0.0 1.0
79 0.9975642976141129 -0.06974230397781102 0.0012178511929435308 0.0 0.06974230397781102 0.9969553720176412 -0.03487115198890551 0.0 0.0012178511929435308 0.03487115198890551 0.9993910744035283 0.0 0.0 0.0 0.0 1.0
80 0.9992385724331825 -0.03474366734432557 0.017752547455571515 0.0 0.03504823837105255 0.9992385724331825 -0.017143405402117545 0.0 -0.017143405402117545 0.017752547455571515 0.999695428973273 0.0 0.0 0.0 0.0 1.0
81 0.9969556811853848 -0.03364634044327154 0.07033699970115825 0.0 0.03608179549496368 0.998782272474154 -0.03364634044327154 0.0 -0.06911927217531219 0.03608179549496368 0.9969556811853848 0.0 0.0 0.0 0.0 1.0
82 0.9969553720176412 -0.03487115198890551 0.06974230397781102 0.0 0.03487115198890551 0.9993910744035283 0.0012178511929435308 0.0 -0.06974230397781102 0.0012178511929435308 0.9975642976141129 0.0 0.0 0.0 0.0 1.0
83 0.9972596956819154 -0.05231204148383734 0.05231204148383734 0.0 0.05231204148383734 0.9986298478409578 0.001370152159042293 0.0 -0.05231204148383734 0.001370152159042293 0.9986298478409578 0.0 0.0 0.0 0.0 1.0
84 0.9998477106207445 -0.01744886237655296 0.00030457875851106484 0.0 0.01744886237655296 0.9992385531037223 -0.03489772475310592 0.0 0.00030457875851106484 0.03489772475310592 0.9993908424829778 0.0 0.0 0.0 0.0 1.0
85 0.9986300913130284 0.0018265449159621382 0.0522934456485949 0.0 0.0018265449159621382 0.9975646067787172 -0.06972459419812653 0.0 -0.0522934456485949 0.06972459419812653 0.9961946980917455 0.0 0.0 0.0 0.0 1.0
86 0.9980210922930242 -0.051388072788038405 0.03623762289900148 0.0 0.0532147568252469 0.9972599739441873 -0.051388072788038405 0.0 -0.03349759684318873 0.0532147568252469 0.9980210922930242 0.0 0.0 0.0 0.0 1.0
87 0.9993908888727402 0.0006091111272598649 0.03489240922878522 0.0 0.0006091111272598649 0.9993908888727402 -0.03489240922878522 0.0 -0.03489240922878522 0.03489240922878522 0.9987817777454803 0.0 0.0 0.0 0.0 1.0
88 0.9969553720176412 -0.06974230397781102 0.03487115198890551 0.0 0.06974230397781102 0.9975642976141129 0.0012178511929435308 0.0 -0.03487115198890551 0.0012178511929435308 0.9993910744035283 0.0 0.0 0.0 0.0 1.0
89 0.9993908888727402 0.0006091111272598649 0.03489240922878522 0.0 0.0006091111272598649 0.9993908888727402 -0.03489240922878522 0.0 -0.03489240922878522 0.03489240922878522 0.9987817777454803 0.0 0.0 0.0 0.0 1.0
90 0.9961947946997979 -0.051681956576413106 0.07017767720195153 0.0 0.05289962227247779 0.9984779178799191 -0.015603764597384783 0.0 -0.069264427929903 0.01925676168557885 0.9974124603958625 0.0 0.0 0.0 0.0 1.0
91 0.9984779178799191 -0.015603764597384783 0.05289962227247779 0.0 0.01925676168557885 0.9974124603958625 -0.069264427929903 0.0 -0.051681956576413106 0.07017767720195153 0.9961947946997979 0.0 0.0 0.0 0.0 1.0
92 0.9992387270547326 -0.016527362284393228 0.035338543404588585 0.0 0.018354417353034932 0.9984774541094652 -0.05201816027803529 0.0 -0.034425015870267736 0.052627178634249185 0.9980206903423048 0.0 0.0 0.0 0.0 1.0
93 0.9975640502598242 0.0 0.0697564737441253 0.0 0.0 1.0 0.0 0.0 -0.0697564737441253 0.0 0.9975640502598242 0.0 0.0 0.0 0.0 1.0
94 0.9975641121002803 -0.06975293114065678 0.0006089719749299348 0.0 0.06975293114065678 0.9974118691065478 -0.017438232785164196 0.0 0.0006089719749299348 0.017438232785164196 0.9998477570062675 0.0 0.0 0.0 0.0 1.0
95 0.9993909661827302 -0.03488355110106177 0.0009135507259048043 0.0 0.03488355110106177 0.9980206400938729 -0.052325326651592646 0.0 0.0009135507259048043 0.052325326651592646 0.9986296739111428 0.0 0.0 0.0 0.0 1.0
96 0.9972599739441873 -0.051388072788038405 0.0532147568252469 0.0 0.0532147568252469 0.9980210922930242 -0.03349759684318873 0.0 -0.051388072788038405 0.03623762289900148 0.9980210922930242 0.0 0.0 0.0 0.0 1.0
97 0.9951305736606874 -0.06846828559360749 0.07090299876326381 0.0 0.07090299876326381 0.9969566085379296 -0.03240810791956151 0.0 -0.06846828559360749 0.03727753425887414 0.9969566085379296 0.0 0.0 0.0 0.0 1.0
98 0.9975641121002803 0.0006089719749299348 0.06975293114065678 0.0 0.0006089719749299348 0.9998477570062675 -0.017438232785164196 0.0 -0.06975293114065678 0.017438232785164196 0.9974118691065478 0.0 0.0 0.0 0.0 1.0
99 0.9975642976141129 -0.06974230397781102 0.0012178511929435308 0.0 0.06974230397781102 0.9969553720176412 -0.03487115198890551 0.0 0.0012178511929435308 0.03487115198890551 0.9993910744035283 0.0 0.0 0.0 0.0 1.0
100 0.9984776473608904 -0.01606634418917685 0.052766090484859376 0.0 0.018806578939574145 0.9984776473608904 -0.05185267890139361 0.0 -0.05185267890139361 0.052766090484859376 0.9972597652496027 0.0 0.0 0.0 0.0 1.0
