1 1.0 0.0 0.0 0.0 0.0 1.0 0.0 0.0 0.0 0.0 1.0 0.0 0.0 0.0 0.0 1.0
2 0.9839187005592357 -0.07702360402544738 0.16115630646287532 0.0 0.09613911090786532 0.9887734324658816 -0.11438693370959822 0.0 -0.15053658041708756 0.1280408671970396 0.9802776516292513 0.0 0.0 0.0 0.0 1.0
3 0.9839317696512556 -0.07416176582751184 0.16241399311726115 0.0 0.0987188725869136 0.9839317696512556 -0.14877115602870464 0.0 -0.14877115602870464 0.16241399311726115 0.9754428932405983 0.0 0.0 0.0 0.0 1.0
4 0.9890762981984108 -0.09571543596488769 0.11210098866727142 0.0 0.11210098866727142 0.9822489845724176 -0.15040046757332476 0.0 -0.09571543596488769 0.1613241693749139 0.9822489845724176 0.0 0.0 0.0 0.0 1.0
5 0.987089869434046 -0.09881997457094573 0.1260484124710651 0.0 0.10945184680173144 0.9907350827703153 -0.0804008022334774 0.0 -0.11693537913039163 0.09315904891042023 0.9887605922131694 0.0 0.0 0.0 0.0 1.0
6 0.9822548462276839 -0.14938909286164442 0.1133945148417866 0.0 0.16212920326228164 0.9802831624752043 -0.11295593307635524 0.0 -0.09428434924083075 0.1293360750200317 0.9871082216184028 0.0 0.0 0.0 0.0 1.0
7 0.9848173967593755 -0.0979834058116858 0.1432967104494348 0.0 0.11012948840418538 0.9907386120232191 -0.07942605636777993 0.0 -0.1341871485050601 0.0940013554787794 0.9864874831158442 0.0 0.0 0.0 0.0 1.0
8 0.9864919445194075 -0.13333798744228048 0.0951557906969438 0.0 0.14396230074162297 0.9828493228167757 -0.11524783990940493 0.0 -0.07815688941799584 0.1273899122515106 0.9887685830835522 0.0 0.0 0.0 0.0 1.0
9 0.9754578648571371 -0.1458581718501481 0.16494649918348586 0.0 0.16494649918348586 0.9803056940211594 -0.10859741560831512 0.0 -0.1458581718501481 0.13313955075117795 0.9803056940211594 0.0 0.0 0.0 0.0 1.0
10 0.9805800856860637 -0.13247555986500098 0.14461300631121116 0.0 0.14461300631121116 0.9864970908285912 -0.07688021977309817 0.0 -0.13247555986500098 0.09630013408703442 0.9864970908285912 0.0 0.0 0.0 0.0 1.0
11 0.9828663072777374 -0.12988397263607837 0.13078216877883114 0.0 0.1468660397590289 0.9805919232880566 -0.12988397263607837 0.0 -0.11137409206688771 0.1468660397590289 0.9828663072777374 0.0 0.0 0.0 0.0 1.0
12 0.982244023500696 -0.09713721058592045 0.16050246296163406 0.0 0.11079565404692357 0.9907426105430979 -0.07844362752041648 0.0 -0.15139683398763198 0.0948337596736202 0.9839133888125964 0.0 0.0 0.0 0.0 1.0
13 0.9907386120232191 -0.0979834058116858 0.0940013554787794 0.0 0.11012948840418538 0.9848173967593755 -0.1341871485050601 0.0 -0.07942605636777993 0.1432967104494348 0.9864874831158442 0.0 0.0 0.0 0.0 1.0
14 0.9890674149440645 -0.09770029255912267 0.11045497512438072 0.0 0.11045497512438072 0.9870934759756317 -0.1159576136207426 0.0 -0.09770029255912267 0.12689019867667808 0.9870934759756317 0.0 0.0 0.0 0.0 1.0
15 0.9822489845724176 -0.09571543596488769 0.1613241693749139 0.0 0.11210098866727142 0.9890762981984108 -0.09571543596488769 0.0 -0.15040046757332476 0.11210098866727142 0.9822489845724176 0.0 0.0 0.0 0.0 1.0
16 0.9780416461073347 -0.1443800483575875 0.15029617465496534 0.0 0.16618696532685517 0.9754672184095738 -0.1443800483575875 0.0 -0.12576339306453924 0.16618696532685517 0.9780416461073347 0.0 0.0 0.0 0.0 1.0
17 0.9848216384565501 -0.13320005239638402 0.11128381045487538 0.0 0.1441284727076679 0.9848216384565501 -0.09671258337316353 0.0 -0.09671258337316353 0.11128381045487538 0.9890715796887161 0.0 0.0 0.0 0.0 1.0
18 0.9890638044718588 -0.09867841081239989 0.10961460634054104 0.0 0.10961460634054104 0.9890638044718588 -0.09867841081239989 0.0 -0.09867841081239989 0.10961460634054104 0.9890638044718588 0.0 0.0 0.0 0.0 1.0
19 0.9887734324658816 -0.07702360402544738 0.1280408671970396 0.0 0.09613911090786532 0.9839187005592357 -0.15053658041708756 0.0 -0.11438693370959822 0.16115630646287532 0.9802776516292513 0.0 0.0 0.0 0.0 1.0
20 0.9851293616216643 -0.11382797477896285 0.12869861315729855 0.0 0.12869861315729855 0.9851293616216643 -0.11382797477896285 0.0 -0.11382797477896285 0.12869861315729855 0.9851293616216643 0.0 0.0 0.0 0.0 1.0
21 0.9848173967593755 -0.0979834058116858 0.1432967104494348 0.0 0.11012948840418538 0.9907386120232191 -0.07942605636777993 0.0 -0.1341871485050601 0.0940013554787794 0.9864874831158442 0.0 0.0 0.0 0.0 1.0
22 0.9924065770570429 -0.08068752568298934 0.09283700239172055 0.0 0.09283700239172055 0.9864837071615365 -0.1350229109882894 0.0 -0.08068752568298934 0.1426163339312464 0.9864837071615365 0.0 0.0 0.0 0.0 1.0
23 0.987102652626873 -0.11396773653111185 0.11242645688166952 0.0 0.12853415238781993 0.9828541146686666 -0.1321997010163655 0.0 -0.09543230504884342 0.14494531489098508 0.9848266501492624 0.0 0.0 0.0 0.0 1.0
24 0.9864970908285912 -0.07688021977309817 0.14461300631121116 0.0 0.09630013408703442 0.9864970908285912 -0.13247555986500098 0.0 -0.13247555986500098 0.14461300631121116 0.9805800856860637 0.0 0.0 0.0 0.0 1.0
25 0.9780165224278844 -0.13015985516190393 0.16291744523622856 0.0 0.14653375569837618 0.9848389809847479 -0.09284417038162351 0.0 -0.14836286698158654 0.11467603776358656 0.982261607752155 0.0 0.0 0.0 0.0 1.0
26 0.9780321576400849 -0.14572203233998005 0.1490576663999068 0.0 0.1651143345611465 0.9780321576400849 -0.1272413264010946 0.0 -0.1272413264010946 0.1490576663999068 0.9806076977788336 0.0 0.0 0.0 0.0 1.0
27 0.9864837071615365 -0.08068752568298934 0.1426163339312464 0.0 0.09283700239172055 0.9924065770570429 -0.08068752568298934 0.0 -0.1350229109882894 0.09283700239172055 0.9864837071615365 0.0 0.0 0.0 0.0 1.0
28 0.9848389809847479 -0.13015985516190393 0.11467603776358656 0.0 0.14653375569837618 0.9780165224278844 -0.14836286698158654 0.0 -0.09284417038162351 0.16291744523622856 0.982261607752155 0.0 0.0 0.0 0.0 1.0
29 0.9805993188579764 -0.1285689304925287 0.1479696116345524 0.0 0.1479696116345524 0.9805993188579764 -0.1285689304925287 0.0 -0.1285689304925287 0.1479696116345524 0.9805993188579764 0.0 0.0 0.0 0.0 1.0
30 0.9806076977788336 -0.1272413264010946 0.1490576663999068 0.0 0.1490576663999068 0.9780321576400849 -0.14572203233998005 0.0 -0.1272413264010946 0.1651143345611465 0.9780321576400849 0.0 0.0 0.0 0.0 1.0
31 0.9780416461073347 -0.12576339306453924 0.16618696532685517 0.0 0.15029617465496534 0.9780416461073347 -0.1443800483575875 0.0 -0.1443800483575875 0.16618696532685517 0.9754672184095738 0.0 0.0 0.0 0.0 1.0
32 0.9848216384565501 -0.09671258337316353 0.1441284727076679 0.0 0.11128381045487538 0.9890715796887161 -0.09671258337316353 0.0 -0.13320005239638402 0.11128381045487538 0.9848216384565501 0.0 0.0 0.0 0.0 1.0
33 0.9851244499632074 -0.11496834840907674 0.12771881986918468 0.0 0.12771881986918468 0.987097737212986 -0.0965710113865729 0.0 -0.11496834840907674 0.11144656142336548 0.987097737212986 0.0 0.0 0.0 0.0 1.0
34 0.9828541146686666 -0.11396773653111185 0.14494531489098508 0.0 0.12853415238781993 0.987102652626873 -0.09543230504884342 0.0 -0.1321997010163655 0.11242645688166952 0.9848266501492624 0.0 0.0 0.0 0.0 1.0
35 0.9828663072777374 -0.11137409206688771 0.1468660397590289 0.0 0.13078216877883114 0.9828663072777374 -0.12988397263607837 0.0 -0.12988397263607837 0.1468660397590289 0.9805919232880566 0.0 0.0 0.0 0.0 1.0
36 0.9864837071615365 -0.08068752568298934 0.1426163339312464 0.0 0.09283700239172055 0.9924065770570429 -0.08068752568298934 0.0 -0.1350229109882894 0.09283700239172055 0.9864837071615365 0.0 0.0 0.0 0.0 1.0
37 0.9828597763856413 -0.13104830338434142 0.1296649611238626 0.0 0.1459132760764401 0.9828597763856413 -0.11267642090432124 0.0 -0.11267642090432124 0.1296649611238626 0.9851350273079013 0.0 0.0 0.0 0.0 1.0
38 0.9887643028254881 -0.11609736574771982 0.09416238699431176 0.0 0.12672572793982567 0.9851202929310519 -0.11609736574771982 0.0 -0.07928267992536359 0.12672572793982567 0.9887643028254881 0.0 0.0 0.0 0.0 1.0
39 0.98514144633158 -0.11151386485242709 0.13061771956896706 0.0 0.13061771956896706 0.9802896737051572 -0.14822674172240055 0.0 -0.11151386485242709 0.16308529539082053 0.9802896737051572 0.0 0.0 0.0 0.0 1.0
40 0.9780103775884572 -0.14966130881585116 0.14524873139828035 0.0 0.16179351428428856 0.9839248277543204 -0.07559624371733405 0.0 -0.1316000002462883 0.09743421356052136 0.9865029214163634 0.0 0.0 0.0 0.0 1.0
41 0.9839133888125964 -0.07844362752041648 0.16050246296163406 0.0 0.0948337596736202 0.9907426105430979 -0.09713721058592045 0.0 -0.15139683398763198 0.11079565404692357 0.982244023500696 0.0 0.0 0.0 0.0 1.0
42 0.975477815655356 -0.14288780792326192 0.1674099922679059 0.0 0.1674099922679059 0.975477815655356 -0.14288780792326192 0.0 -0.14288780792326192 0.1674099922679059 0.975477815655356 0.0 0.0 0.0 0.0 1.0
43 0.9907426105430979 -0.09713721058592045 0.0948337596736202 0.0 0.11079565404692357 0.982244023500696 -0.15139683398763198 0.0 -0.07844362752041648 0.16050246296163406 0.9839133888125964 0.0 0.0 0.0 0.0 1.0
44 0.9802831624752043 -0.11295593307635524 0.16212920326228164 0.0 0.1293360750200317 0.9871082216184028 -0.09428434924083075 0.0 -0.14938909286164442 0.1133945148417866 0.9822548462276839 0.0 0.0 0.0 0.0 1.0
45 0.9887685830835522 -0.07815688941799584 0.1273899122515106 0.0 0.0951557906969438 0.9864919445194075 -0.13333798744228048 0.0 -0.11524783990940493 0.14396230074162297 0.9828493228167757 0.0 0.0 0.0 0.0 1.0
46 0.9864874831158442 -0.07942605636777993 0.1432967104494348 0.0 0.0940013554787794 0.9907386120232191 -0.0979834058116858 0.0 -0.1341871485050601 0.11012948840418538 0.9848173967593755 0.0 0.0 0.0 0.0 1.0
47 0.9780103775884572 -0.14966130881585116 0.14524873139828035 0.0 0.16179351428428856 0.9839248277543204 -0.07559624371733405 0.0 -0.1316000002462883 0.09743421356052136 0.9865029214163634 0.0 0.0 0.0 0.0 1.0
48 0.987102652626873 -0.09543230504884342 0.12853415238781993 0.0 0.11242645688166952 0.9848266501492624 -0.1321997010163655 0.0 -0.11396773653111185 0.14494531489098508 0.9828541146686666 0.0 0.0 0.0 0.0 1.0
49 0.9839317696512556 -0.07416176582751184 0.16241399311726115 0.0 0.0987188725869136 0.9839317696512556 -0.14877115602870464 0.0 -0.14877115602870464 0.16241399311726115 0.9754428932405983 0.0 0.0 0.0 0.0 1.0
50 0.9890638044718588 -0.09867841081239989 0.10961460634054104 0.0 0.10961460634054104 0.9890638044718588 -0.09867841081239989 0.0 -0.09867841081239989 0.10961460634054104 0.9890638044718588 0.0 0.0 0.0 0.0 1.0
51 0.9780321576400849 -0.14572203233998005 0.1490576663999068 0.0 0.1651143345611465 0.9780321576400849 -0.1272413264010946 0.0 -0.1272413264010946 0.1490576663999068 0.9806076977788336 0.0 0.0 0.0 0.0 1.0
52 0.9907320232143467 -0.0813677147937964 0.10876282989533961 0.0 0.0923069660817806 0.9907320232143467 -0.09964678715535277 0.0 -0.09964678715535277 0.10876282989533961 0.9890607487120158 0.0 0.0 0.0 0.0 1.0
53 0.9864837071615365 -0.1350229109882894 0.09283700239172055 0.0 0.1426163339312464 0.9864837071615365 -0.08068752568298934 0.0 -0.08068752568298934 0.09283700239172055 0.9924065770570429 0.0 0.0 0.0 0.0 1.0
54 0.9887643028254881 -0.07928267992536359 0.12672572793982567 0.0 0.09416238699431176 0.9887643028254881 -0.11609736574771982 0.0 -0.11609736574771982 0.12672572793982567 0.9851202929310519 0.0 0.0 0.0 0.0 1.0
55 0.9822692683219074 -0.147321949757165 0.1159453648495359 0.0 0.16368877899848122 0.9754497561380256 -0.147321949757165 0.0 -0.0913951209875616 0.16368877899848122 0.9822692683219074 0.0 0.0 0.0 0.0 1.0
56 0.9890762981984108 -0.09571543596488769 0.11210098866727142 0.0 0.11210098866727142 0.9822489845724176 -0.15040046757332476 0.0 -0.09571543596488769 0.1613241693749139 0.9822489845724176 0.0 0.0 0.0 0.0 1.0
57 0.9754672184095738 -0.1443800483575875 0.16618696532685517 0.0 0.16618696532685517 0.9780416461073347 -0.12576339306453924 0.0 -0.1443800483575875 0.15029617465496534 0.9780416461073347 0.0 0.0 0.0 0.0 1.0
58 0.9890715796887161 -0.09671258337316353 0.11128381045487538 0.0 0.11128381045487538 0.9848216384565501 -0.13320005239638402 0.0 -0.09671258337316353 0.1441284727076679 0.9848216384565501 0.0 0.0 0.0 0.0 1.0
59 0.9780165224278844 -0.13015985516190393 0.16291744523622856 0.0 0.14653375569837618 0.9848389809847479 -0.09284417038162351 0.0 -0.14836286698158654 0.11467603776358656 0.982261607752155 0.0 0.0 0.0 0.0 1.0
60 0.9780165224278844 -0.14836286698158654 0.14653375569837618 0.0 0.16291744523622856 0.982261607752155 -0.09284417038162351 0.0 -0.13015985516190393 0.11467603776358656 0.9848389809847479 0.0 0.0 0.0 0.0 1.0
61 0.9780416461073347 -0.12576339306453924 0.16618696532685517 0.0 0.15029617465496534 0.9780416461073347 -0.1443800483575875 0.0 -0.1443800483575875 0.16618696532685517 0.9754672184095738 0.0 0.0 0.0 0.0 1.0
62 0.9803056940211594 -0.1458581718501481 0.13313955075117795 0.0 0.16494649918348586 0.9754578648571371 -0.1458581718501481 0.0 -0.10859741560831512 0.16494649918348586 0.9803056940211594 0.0 0.0 0.0 0.0 1.0
63 0.9907294337280873 -0.08232664513643442 0.108062540435634 0.0 0.09144523491208625 0.9924011751869568 -0.08232664513643442 0.0 -0.10046371562259081 0.09144523491208625 0.9907294337280873 0.0 0.0 0.0 0.0 1.0
64 0.9907386120232191 -0.07942605636777993 0.11012948840418538 0.0 0.0940013554787794 0.9864874831158442 -0.1341871485050601 0.0 -0.0979834058116858 0.1432967104494348 0.9848173967593755 0.0 0.0 0.0 0.0 1.0
65 0.9848173967593755 -0.1341871485050601 0.11012948840418538 0.0 0.1432967104494348 0.9864874831158442 -0.07942605636777993 0.0 -0.0979834058116858 0.0940013554787794 0.9907386120232191 0.0 0.0 0.0 0.0 1.0
66 0.9851293616216643 -0.11382797477896285 0.12869861315729855 0.0 0.12869861315729855 0.9851293616216643 -0.11382797477896285 0.0 -0.11382797477896285 0.12869861315729855 0.9851293616216643 0.0 0.0 0.0 0.0 1.0
67 0.9802831624752043 -0.14938909286164442 0.1293360750200317 0.0 0.16212920326228164 0.9822548462276839 -0.09428434924083075 0.0 -0.11295593307635524 0.1133945148417866 0.9871082216184028 0.0 0.0 0.0 0.0 1.0
68 0.992409855264952 -0.07985609628221221 0.09351835680529871 0.0 0.09351835680529871 0.9839088931616982 -0.15224193541123582 0.0 -0.07985609628221221 0.15983208014628386 0.9839088931616982 0.0 0.0 0.0 0.0 1.0
69 0.9864970908285912 -0.07688021977309817 0.14461300631121116 0.0 0.09630013408703442 0.9864970908285912 -0.13247555986500098 0.0 -0.13247555986500098 0.14461300631121116 0.9805800856860637 0.0 0.0 0.0 0.0 1.0
70 0.9754497561380256 -0.147321949757165 0.16368877899848122 0.0 0.16368877899848122 0.9822692683219074 -0.0913951209875616 0.0 -0.147321949757165 0.1159453648495359 0.9822692683219074 0.0 0.0 0.0 0.0 1.0
71 0.9907386120232191 -0.0979834058116858 0.0940013554787794 0.0 0.11012948840418538 0.9848173967593755 -0.1341871485050601 0.0 -0.07942605636777993 0.1432967104494348 0.9864874831158442 0.0 0.0 0.0 0.0 1.0
72 0.9839317696512556 -0.14877115602870464 0.0987188725869136 0.0 0.16241399311726115 0.9754428932405983 -0.14877115602870464 0.0 -0.07416176582751184 0.16241399311726115 0.9839317696512556 0.0 0.0 0.0 0.0 1.0
73 0.9864970908285912 -0.13247555986500098 0.09630013408703442 0.0 0.14461300631121116 0.9805800856860637 -0.13247555986500098 0.0 -0.07688021977309817 0.14461300631121116 0.9864970908285912 0.0 0.0 0.0 0.0 1.0
74 0.9839133888125964 -0.15139683398763198 0.0948337596736202 0.0 0.16050246296163406 0.982244023500696 -0.09713721058592045 0.0 -0.07844362752041648 0.11079565404692357 0.9907426105430979 0.0 0.0 0.0 0.0 1.0
75 0.9864874831158442 -0.07942605636777993 0.1432967104494348 0.0 0.0940013554787794 0.9907386120232191 -0.0979834058116858 0.0 -0.1341871485050601 0.11012948840418538 0.9848173967593755 0.0 0.0 0.0 0.0 1.0
76 0.9754672184095738 -0.1443800483575875 0.16618696532685517 0.0 0.16618696532685517 0.9780416461073347 -0.12576339306453924 0.0 -0.1443800483575875 0.15029617465496534 0.9780416461073347 0.0 0.0 0.0 0.0 1.0
77 0.9851293616216643 -0.11382797477896285 0.12869861315729855 0.0 0.12869861315729855 0.9851293616216643 -0.11382797477896285 0.0 -0.11382797477896285 0.12869861315729855 0.9851293616216643 0.0 0.0 0.0 0.0 1.0
78 0.9839317696512556 -0.14877115602870464 0.0987188725869136 0.0 0.16241399311726115 0.9754428932405983 -0.14877115602870464 0.0 -0.07416176582751184 0.16241399311726115 0.9839317696512556 0.0 0.0 0.0 0.0 1.0
79 0.9924011751869568 -0.08232664513643442 0.09144523491208625 0.0 0.09144523491208625 0.9907294337280873 -0.10046371562259081 0.0 -0.08232664513643442 0.108062540435634 0.9907294337280873 0.0 0.0 0.0 0.0 1.0
80 0.9848173967593755 -0.1341871485050601 0.11012948840418538 0.0 0.1432967104494348 0.9864874831158442 -0.07942605636777993 0.0 -0.0979834058116858 0.0940013554787794 0.9907386120232191 0.0 0.0 0.0 0.0 1.0
81 0.9907350827703153 -0.0804008022334774 0.10945184680173144 0.0 0.09315904891042023 0.9887605922131694 -0.11693537913039163 0.0 -0.09881997457094573 0.1260484124710651 0.987089869434046 0.0 0.0 0.0 0.0 1.0
82 0.9887643028254881 -0.07928267992536359 0.12672572793982567 0.0 0.09416238699431176 0.9887643028254881 -0.11609736574771982 0.0 -0.11609736574771982 0.12672572793982567 0.9851202929310519 0.0 0.0 0.0 0.0 1.0
83 0.9870934759756317 -0.09770029255912267 0.12689019867667808 0.0 0.11045497512438072 0.9890674149440645 -0.09770029255912267 0.0 -0.1159576136207426 0.11045497512438072 0.9870934759756317 0.0 0.0 0.0 0.0 1.0
84 0.9890762981984108 -0.09571543596488769 0.11210098866727142 0.0 0.11210098866727142 0.9822489845724176 -0.15040046757332476 0.0 -0.09571543596488769 0.1613241693749139 0.9822489845724176 0.0 0.0 0.0 0.0 1.0
85 0.9864837071615365 -0.1350229109882894 0.09283700239172055 0.0 0.1426163339312464 0.9864837071615365 -0.08068752568298934 0.0 -0.08068752568298934 0.09283700239172055 0.9924065770570429 0.0 0.0 0.0 0.0 1.0
86 0.9851350273079013 -0.11267642090432124 0.1296649611238626 0.0 0.1296649611238626 0.9828597763856413 -0.13104830338434142 0.0 -0.11267642090432124 0.1459132760764401 0.9828597763856413 0.0 0.0 0.0 0.0 1.0
87 0.9907426105430979 -0.07844362752041648 0.11079565404692357 0.0 0.0948337596736202 0.9839133888125964 -0.15139683398763198 0.0 -0.09713721058592045 0.16050246296163406 0.982244023500696 0.0 0.0 0.0 0.0 1.0
88 0.9887734324658816 -0.11438693370959822 0.09613911090786532 0.0 0.1280408671970396 0.9802776516292513 -0.15053658041708756 0.0 -0.07702360402544738 0.16115630646287532 0.9839187005592357 0.0 0.0 0.0 0.0 1.0
89 0.9870934759756317 -0.1159576136207426 0.11045497512438072 0.0 0.12689019867667808 0.9870934759756317 -0.09770029255912267 0.0 -0.09770029255912267 0.11045497512438072 0.9890674149440645 0.0 0.0 0.0 0.0 1.0
90 0.9802776516292513 -0.11438693370959822 0.16115630646287532 0.0 0.1280408671970396 0.9887734324658816 -0.07702360402544738 0.0 -0.15053658041708756 0.09613911090786532 0.9839187005592357 0.0 0.0 0.0 0.0 1.0
91 0.9864837071615365 -0.1350229109882894 0.09283700239172055 0.0 0.1426163339312464 0.9864837071615365 -0.08068752568298934 0.0 -0.08068752568298934 0.09283700239172055 0.9924065770570429 0.0 0.0 0.0 0.0 1.0
92 0.9924065770570429 -0.08068752568298934 0.09283700239172055 0.0 0.09283700239172055 0.9864837071615365 -0.1350229109882894 0.0 -0.08068752568298934 0.1426163339312464 0.9864837071615365 0.0 0.0 0.0 0.0 1.0
93 0.982261607752155 -0.14836286698158654 0.11467603776358656 0.0 0.16291744523622856 0.9780165224278844 -0.13015985516190393 0.0 -0.09284417038162351 0.14653375569837618 0.9848389809847479 0.0 0.0 0.0 0.0 1.0
94 0.9805800856860637 -0.13247555986500098 0.14461300631121116 0.0 0.14461300631121116 0.9864970908285912 -0.07688021977309817 0.0 -0.13247555986500098 0.09630013408703442 0.9864970908285912 0.0 0.0 0.0 0.0 1.0
95 0.9780416461073347 -0.12576339306453924 0.16618696532685517 0.0 0.15029617465496534 0.9780416461073347 -0.1443800483575875 0.0 -0.1443800483575875 0.16618696532685517 0.9754672184095738 0.0 0.0 0.0 0.0 1.0
96 0.9907350827703153 -0.0804008022334774 0.10945184680173144 0.0 0.09315904891042023 0.9887605922131694 -0.11693537913039163 0.0 -0.09881997457094573 0.1260484124710651 0.987089869434046 0.0 0.0 0.0 0.0 1.0
97 0.9822489845724176 -0.15040046757332476 0.11210098866727142 0.0 0.1613241693749139 0.9822489845724176 -0.09571543596488769 0.0 -0.09571543596488769 0.11210098866727142 0.9890762981984108 0.0 0.0 0.0 0.0 1.0
98 0.9907386120232191 -0.0979834058116858 0.0940013554787794 0.0 0.11012948840418538 0.9848173967593755 -0.1341871485050601 0.0 -0.07942605636777993 0.1432967104494348 0.9864874831158442 0.0 0.0 0.0 0.0 1.0
99 0.9802831624752043 -0.11295593307635524 0.16212920326228164 0.0 0.1293360750200317 0.9871082216184028 -0.09428434924083075 0.0 -0.14938909286164442 0.1133945148417866 0.9822548462276839 0.0 0.0 0.0 0.0 1.0
100 0.987089869434046 -0.09881997457094573 0.1260484124710651 0.0 0.10945184680173144 0.9907350827703153 -0.0804008022334774 0.0 -0.11693537913039163 0.09315904891042023 0.9887605922131694 0.0 0.0 0.0 0.0 1.0
