1 1.0 0.0 0.0 0.0 0.0 1.0 0.0 0.0 0.0 0.0 1.0 0.0 0.0 0.0 0.0 1.0
2 0.9980211966240684 -0.0321142843959881 0.05405889220837054 0.0 0.03485166815518733 0.9981167881713339 -0.05048007921290736 0.0 -0.052335956242943835 0.05226423163382674 0.9972609476841366 0.0 0.0 0.0 0.0 1.0
3 0.9987820251299122 -0.034285472174406584 0.03548200494855919 0.0 0.03487823687206265 0.9992598715479458 -0.016223985536214392 0.0 -0.034899496702500976 0.01744177490283016 0.9992386149554827 0.0 0.0 0.0 0.0 1.0
4 0.9975640502598244 0.004865965629214842 0.06958655048003273 0.0 0.0 0.9975640502598244 -0.0697564737441253 0.0 -0.0697564737441253 0.06958655048003273 0.9951340343707853 0.0 0.0 0.0 0.0 1.0
5 0.9969563611936847 -0.031203120349166863 0.07144493793071019 0.0 0.03481448328257625 0.9981486067209822 -0.04987294511786455 0.0 -0.0697564737441253 0.052208468483931986 0.9961969233988568 0.0 0.0 0.0 0.0 1.0
6 0.9972609476841364 -0.04952893309396769 0.05493165763665701 0.0 0.05226423163382672 0.9974042986062867 -0.04952893309396769 0.0 -0.05233595624294383 0.05226423163382672 0.9972609476841364 0.0 0.0 0.0 0.0 1.0
7 0.9998476951563913 -0.017441774902830158 0.0006090802009086826 0.0 0.01745240643728351 0.9992386149554826 -0.03489418134011368 0.0 0.0 0.03489949670250097 0.9993908270190958 0.0 0.0 0.0 0.0 1.0
8 0.9975640502598244 0.0024344658254111962 0.06971397998507722 0.0 0.0 0.9993908270190959 -0.03489949670250097 0.0 -0.0697564737441253 0.034814483282576254 0.9969563611936847 0.0 0.0 0.0 0.0 1.0
9 0.9972609476841365 -0.052335956242943835 0.052264231633826735 0.0 0.052264231633826735 0.9986295347545737 0.0027390523158633317 0.0 -0.052335956242943835 2.168404344971009e-19 0.9986295347545737 0.0 0.0 0.0 0.0 1.0
10 0.9980211966240685 -0.031165935476555783 0.05461113032096839 0.0 0.034851668155187324 0.9970837712905983 -0.0678919307113796 0.0 -0.05233595624294384 0.06966087492121549 0.9961969233988568 0.0 0.0 0.0 0.0 1.0
11 0.9975640502598243 -0.0697564737441253 0.0 0.0 0.0697564737441253 0.9975640502598243 0.0 0.0 0.0 0.0 1.0 0.0 0.0 0.0 0.0 1.0
12 0.9984774386394599 -0.05169582911480918 0.019244370088830134 0.0 0.05232798522331313 0.9980530734188116 -0.03393883618707354 0.0 -0.01745240643728351 0.03489418134011367 0.9992386149554825 0.0 0.0 0.0 0.0 1.0
13 0.9992386149554826 -0.03489949670250097 0.017441774902830158 0.0 0.03489418134011368 0.9993908270190958 0.0006090802009086826 0.0 -0.01745240643728351 0.0 0.9998476951563913 0.0 0.0 0.0 0.0 1.0
14 0.9980211966240684 -0.050440236254263256 0.03754295747109885 0.0 0.05230407459247085 0.9973565392314021 -0.05044023625426325 0.0 -0.03489949670250097 0.05230407459247084 0.9980211966240684 0.0 0.0 0.0 0.0 1.0
15 0.9975640502598243 -0.06966087492121549 0.003650771757534602 0.0 0.06975647374412529 0.9961969233988567 -0.052208468483931986 0.0 0.0 0.052335956242943835 0.9986295347545739 0.0 0.0 0.0 0.0 1.0
16 0.9998476951563913 0.0012174183314141707 0.017409893252357173 0.0 0.0 0.9975640502598243 -0.0697564737441253 0.0 -0.01745240643728351 0.069745849495301 0.9974121164231597 0.0 0.0 0.0 0.0 1.0
17 0.9984774386394598 -0.014689853375883433 0.053169659917837155 0.0 0.01742848852081216 0.9985252416937292 -0.051415848610707256 0.0 -0.05233595624294383 0.05226423163382673 0.9972609476841365 0.0 0.0 0.0 0.0 1.0
18 0.9951340343707853 -0.0672854443960609 0.07197862605905715 0.0 0.06958655048003273 0.997126180945116 -0.02995148186814873 0.0 -0.06975647374412529 0.03481448328257624 0.9969563611936847 0.0 0.0 0.0 0.0 1.0
19 0.9986295347545739 -0.05230407459247084 0.0018264985323228533 0.0 0.052335956242943835 0.9980211966240684 -0.03485166815518733 0.0 -2.168404344971009e-19 0.03489949670250097 0.9993908270190958 0.0 0.0 0.0 0.0 1.0
20 0.9998476951563913 -0.01745240643728351 0.0 0.0 0.01745240643728351 0.9998476951563913 0.0 0.0 0.0 0.0 1.0 0.0 0.0 0.0 0.0 1.0
21 0.9992386149554826 -0.03489949670250097 0.017441774902830158 0.0 0.03489418134011368 0.9993908270190958 0.0006090802009086826 0.0 -0.01745240643728351 0.0 0.9998476951563913 0.0 0.0 0.0 0.0 1.0
22 0.9984774386394598 -0.05135209502122085 0.020143655698877407 0.0 0.05232798522331313 0.997308750738406 -0.05135209502122085 0.0 -0.017452406437283508 0.05232798522331313 0.9984774386394598 0.0 0.0 0.0 0.0 1.0
23 0.9992386149554826 -0.014975798207882784 0.036026599199558744 0.0 0.017441774902830158 0.9974546037102026 -0.06913825298314946 0.0 -0.03489949670250097 0.06971397998507722 0.9969563611936846 0.0 0.0 0.0 0.0 1.0
24 0.9998476951563913 0.0006090802009086826 0.017441774902830158 0.0 0.0 0.9993908270190958 -0.03489949670250097 0.0 -0.01745240643728351 0.03489418134011368 0.9992386149554826 0.0 0.0 0.0 0.0 1.0
25 0.9972609476841366 -0.05048007921290736 0.05405889220837053 0.0 0.05226423163382674 0.9981167881713339 -0.0321142843959881 0.0 -0.05233595624294383 0.03485166815518733 0.9980211966240684 0.0 0.0 0.0 0.0 1.0
26 0.9996954135095478 -0.01619266033965157 0.0186246599727023 0.0 0.01744974835125048 0.9974333633026837 -0.06944200496223113 0.0 -0.017452406437283515 0.069745849495301 0.9974121164231596 0.0 0.0 0.0 0.0 1.0
27 0.9972609476841365 -0.052335956242943835 0.052264231633826735 0.0 0.052264231633826735 0.9986295347545737 0.0027390523158633317 0.0 -0.052335956242943835 2.168404344971009e-19 0.9986295347545737 0.0 0.0 0.0 0.0 1.0
28 0.9974121164231597 -0.01745240643728351 0.069745849495301 0.0 0.017409893252357173 0.9998476951563913 0.0012174183314141707 0.0 -0.0697564737441253 0.0 0.9975640502598243 0.0 0.0 0.0 0.0 1.0
29 0.9975640502598244 -0.06971397998507722 0.0024344658254111962 0.0 0.0697564737441253 0.9969563611936847 -0.034814483282576254 0.0 0.0 0.03489949670250097 0.9993908270190959 0.0 0.0 0.0 0.0 1.0
30 0.9986295347545739 0.003650771757534602 0.052208468483931986 0.0 0.0 0.9975640502598243 -0.06975647374412529 0.0 -0.052335956242943835 0.06966087492121549 0.9961969233988567 0.0 0.0 0.0 0.0 1.0
31 0.9986295347545739 -0.05230407459247084 0.0018264985323228533 0.0 0.052335956242943835 0.9980211966240684 -0.03485166815518733 0.0 -2.168404344971009e-19 0.03489949670250097 0.9993908270190958 0.0 0.0 0.0 0.0 1.0
32 0.9998476951563913 -0.017409893252357173 0.0012174183314141707 0.0 0.01745240643728351 0.9974121164231597 -0.069745849495301 0.0 0.0 0.0697564737441253 0.9975640502598243 0.0 0.0 0.0 0.0 1.0
33 0.9993908270190958 0.0 0.03489949670250097 0.0 0.0 1.0 0.0 0.0 -0.03489949670250097 0.0 0.9993908270190958 0.0 0.0 0.0 0.0 1.0
34 0.9980211966240683 -0.05171973974565147 0.03575974845695519 0.0 0.05230407459247084 0.9985093154342031 -0.015602268173062627 0.0 -0.034899496702500976 0.017441774902830158 0.9992386149554825 0.0 0.0 0.0 0.0 1.0
35 0.9986295347545738 -0.052335956242943835 0.0 0.0 0.052335956242943835 0.9986295347545738 0.0 0.0 0.0 0.0 0.9999999999999999 0.0 0.0 0.0 0.0 1.0
36 0.9992386149554827 -0.03458978039552187 0.01804819863694001 0.0 0.03489418134011368 0.9992492448707019 -0.016832787467786218 0.0 -0.01745240643728351 0.017449748351250485 0.999695413509548 0.0 0.0 0.0 0.0 1.0
37 0.9972609476841366 -0.05048007921290736 0.05405889220837053 0.0 0.05226423163382674 0.9981167881713339 -0.0321142843959881 0.0 -0.05233595624294383 0.03485166815518733 0.9980211966240684 0.0 0.0 0.0 0.0 1.0
38 0.9986295347545739 -0.05230407459247084 0.0018264985323228533 0.0 0.052335956242943835 0.9980211966240684 -0.03485166815518733 0.0 -2.168404344971009e-19 0.03489949670250097 0.9993908270190958 0.0 0.0 0.0 0.0 1.0
39 0.9969563611936846 -0.06913825298314946 0.03602659919955875 0.0 0.06971397998507722 0.9974546037102026 -0.014975798207882784 0.0 -0.034899496702500976 0.01744177490283016 0.9992386149554826 0.0 0.0 0.0 0.0 1.0
40 0.9975640502598243 0.0012174183314141707 0.069745849495301 0.0 0.0 0.9998476951563913 -0.01745240643728351 0.0 -0.0697564737441253 0.017409893252357173 0.9974121164231597 0.0 0.0 0.0 0.0 1.0
41 0.9969563611936846 -0.06913825298314946 0.03602659919955875 0.0 0.06971397998507722 0.9974546037102026 -0.014975798207882784 0.0 -0.034899496702500976 0.01744177490283016 0.9992386149554826 0.0 0.0 0.0 0.0 1.0
42 0.9992386149554826 -0.01745240643728351 0.03489418134011368 0.0 0.017441774902830158 0.9998476951563913 0.0006090802009086826 0.0 -0.03489949670250097 0.0 0.9993908270190958 0.0 0.0 0.0 0.0 1.0
43 0.9974121164231597 -0.06837209771848664 0.022233449256627444 0.0 0.06974584949530101 0.9952189571806561 -0.06837209771848664 0.0 -0.01745240643728351 0.06974584949530101 0.9974121164231597 0.0 0.0 0.0 0.0 1.0
44 0.9974121164231599 -0.06944200496223116 0.0186246599727023 0.0 0.06974584949530102 0.997433363302684 -0.016192660339651572 0.0 -0.017452406437283515 0.017449748351250485 0.999695413509548 0.0 0.0 0.0 0.0 1.0
45 0.9984774386394599 -0.05169582911480918 0.019244370088830134 0.0 0.05232798522331313 0.9980530734188116 -0.03393883618707354 0.0 -0.01745240643728351 0.03489418134011367 0.9992386149554825 0.0 0.0 0.0 0.0 1.0
46 0.9986295347545738 -0.05232798522331314 0.0009133883796357411 0.0 0.052335956242943835 0.9984774386394599 -0.017428488520812163 0.0 0.0 0.01745240643728351 0.9998476951563912 0.0 0.0 0.0 0.0 1.0
47 0.9984774386394599 -0.05169582911480918 0.019244370088830134 0.0 0.05232798522331313 0.9980530734188116 -0.03393883618707354 0.0 -0.01745240643728351 0.03489418134011367 0.9992386149554825 0.0 0.0 0.0 0.0 1.0
48 0.9999999999999999 0.0 0.0 0.0 0.0 0.9986295347545738 -0.052335956242943835 0.0 0.0 0.052335956242943835 0.9986295347545738 0.0 0.0 0.0 0.0 1.0
49 0.9961969233988567 -0.06975647374412529 0.052208468483931986 0.0 0.06966087492121549 0.9975640502598243 0.003650771757534602 0.0 -0.052335956242943835 0.0 0.9986295347545739 0.0 0.0 0.0 0.0 1.0
50 0.9975640502598244 0.0024344658254111962 0.06971397998507722 0.0 0.0 0.9993908270190959 -0.03489949670250097 0.0 -0.0697564737441253 0.034814483282576254 0.9969563611936847 0.0 0.0 0.0 0.0 1.0
51 0.9951340343707853 -0.06473243809852808 0.07428300676968601 0.0 0.06958655048003273 0.9954734669744394 -0.06473243809852808 0.0 -0.06975647374412532 0.06958655048003273 0.9951340343707853 0.0 0.0 0.0 0.0 1.0
52 1.0 0.0 0.0 0.0 0.0 0.9993908270190958 -0.03489949670250097 0.0 0.0 0.03489949670250097 0.9993908270190958 0.0 0.0 0.0 0.0 1.0
53 0.9974121164231599 -0.013778272793499144 0.07056365361219072 0.0 0.01740989325235717 0.9985411533919824 -0.05111223532141132 0.0 -0.0697564737441253 0.052208468483931986 0.9961969233988568 0.0 0.0 0.0 0.0 1.0
54 0.9992386149554827 -0.016840760916206544 0.035193453277733946 0.0 0.017441774902830158 0.9997060434247672 -0.016840760916206544 0.0 -0.034899496702500976 0.017441774902830158 0.9992386149554827 0.0 0.0 0.0 0.0 1.0
55 0.9975640502598243 0.003650771757534602 0.06966087492121549 0.0 0.0 0.9986295347545739 -0.052335956242943835 0.0 -0.06975647374412529 0.052208468483931986 0.9961969233988567 0.0 0.0 0.0 0.0 1.0
56 0.9975640502598243 -0.0697564737441253 0.0 0.0 0.0697564737441253 0.9975640502598243 0.0 0.0 0.0 0.0 1.0 0.0 0.0 0.0 0.0 1.0
57 0.9961969233988567 -0.06975647374412529 0.052208468483931986 0.0 0.06966087492121549 0.9975640502598243 0.003650771757534602 0.0 -0.052335956242943835 0.0 0.9986295347545739 0.0 0.0 0.0 0.0 1.0
58 0.9980211966240685 -0.031165935476555783 0.05461113032096839 0.0 0.034851668155187324 0.9970837712905983 -0.0678919307113796 0.0 -0.05233595624294384 0.06966087492121549 0.9961969233988568 0.0 0.0 0.0 0.0 1.0
59 0.9993908270190958 0.0018264985323228533 0.03485166815518733 0.0 -2.168404344971009e-19 0.9986295347545739 -0.052335956242943835 0.0 -0.03489949670250097 0.05230407459247084 0.9980211966240684 0.0 0.0 0.0 0.0 1.0
60 0.9986295347545739 0.003650771757534602 0.052208468483931986 0.0 0.0 0.9975640502598243 -0.06975647374412529 0.0 -0.052335956242943835 0.06966087492121549 0.9961969233988567 0.0 0.0 0.0 0.0 1.0
61 1.0 0.0 0.0 0.0 0.0 0.9993908270190958 -0.03489949670250097 0.0 0.0 0.03489949670250097 0.9993908270190958 0.0 0.0 0.0 0.0 1.0
62 0.9998476951563913 0.000304586490452135 0.017449748351250488 0.0 -2.710505431213761e-20 0.9998476951563913 -0.01745240643728351 0.0 -0.01745240643728351 0.017449748351250488 0.9996954135095479 0.0 0.0 0.0 0.0 1.0
63 0.9998476951563913 0.0012174183314141707 0.017409893252357173 0.0 0.0 0.9975640502598243 -0.0697564737441253 0.0 -0.01745240643728351 0.069745849495301 0.9974121164231597 0.0 0.0 0.0 0.0 1.0
64 0.9980211966240684 -0.050440236254263256 0.03754295747109885 0.0 0.05230407459247085 0.9973565392314021 -0.05044023625426325 0.0 -0.03489949670250097 0.05230407459247084 0.9980211966240684 0.0 0.0 0.0 0.0 1.0
65 0.9972609476841365 -0.051415848610707256 0.053169659917837155 0.0 0.05226423163382673 0.9985252416937292 -0.014689853375883433 0.0 -0.05233595624294383 0.01742848852081216 0.9984774386394598 0.0 0.0 0.0 0.0 1.0
66 0.9992386149554826 -0.014975798207882784 0.036026599199558744 0.0 0.017441774902830158 0.9974546037102026 -0.06913825298314946 0.0 -0.03489949670250097 0.06971397998507722 0.9969563611936846 0.0 0.0 0.0 0.0 1.0
67 0.9961969233988566 -0.04987294511786455 0.07144493793071018 0.0 0.052208468483931986 0.9981486067209819 -0.031203120349166856 0.0 -0.06975647374412529 0.03481448328257624 0.9969563611936845 0.0 0.0 0.0 0.0 1.0
68 0.9975640502598244 0.004865965629214842 0.06958655048003273 0.0 0.0 0.9975640502598244 -0.0697564737441253 0.0 -0.0697564737441253 0.06958655048003273 0.9951340343707853 0.0 0.0 0.0 0.0 1.0
69 0.9984774386394599 -0.05169582911480918 0.019244370088830134 0.0 0.05232798522331313 0.9980530734188116 -0.03393883618707354 0.0 -0.01745240643728351 0.03489418134011367 0.9992386149554825 0.0 0.0 0.0 0.0 1.0
70 0.9987820251299123 -0.03366100395935705 0.036074964862626485 0.0 0.03487823687206265 0.9988245318398747 -0.03366100395935705 0.0 -0.034899496702500976 0.03487823687206265 0.9987820251299123 0.0 0.0 0.0 0.0 1.0
71 0.9984774386394599 -0.05202381615806039 0.018339222457229402 0.0 0.05232798522331313 0.9984933794646964 -0.016515239254650736 0.0 -0.01745240643728351 0.017449748351250485 0.9996954135095478 0.0 0.0 0.0 0.0 1.0
72 0.9992386149554826 -0.03489949670250097 0.017441774902830158 0.0 0.03489418134011368 0.9993908270190958 0.0006090802009086826 0.0 -0.01745240643728351 0.0 0.9998476951563913 0.0 0.0 0.0 0.0 1.0
73 0.9984774386394601 -0.015615554555080628 0.05290518862947862 0.0 0.017428488520812167 0.9992704917502259 -0.033981349371999876 0.0 -0.05233595624294384 0.03485166815518733 0.9980211966240685 0.0 0.0 0.0 0.0 1.0
74 0.9986295347545739 -0.052208468483931986 0.003650771757534602 0.0 0.052335956242943835 0.9961969233988567 -0.06966087492121549 0.0 0.0 0.06975647374412529 0.9975640502598243 0.0 0.0 0.0 0.0 1.0
75 0.9984774386394601 -0.015615554555080628 0.05290518862947862 0.0 0.017428488520812167 0.9992704917502259 -0.033981349371999876 0.0 -0.05233595624294384 0.03485166815518733 0.9980211966240685 0.0 0.0 0.0 0.0 1.0
76 0.9984774386394601 -0.015615554555080628 0.05290518862947862 0.0 0.017428488520812167 0.9992704917502259 -0.033981349371999876 0.0 -0.05233595624294384 0.03485166815518733 0.9980211966240685 0.0 0.0 0.0 0.0 1.0
77 0.9972609476841364 -0.04856269998221006 0.05578769034989243 0.0 0.05226423163382673 0.9963879900298117 -0.0669284947991293 0.0 -0.05233595624294383 0.06966087492121548 0.9961969233988565 0.0 0.0 0.0 0.0 1.0
78 0.9969563611936847 -0.06715801489101642 0.03959564258028455 0.0 0.06971397998507722 0.9953038541222166 -0.0671580148910164 0.0 -0.03489949670250097 0.06971397998507721 0.9969563611936847 0.0 0.0 0.0 0.0 1.0
79 0.9951340343707853 -0.06473243809852808 0.07428300676968601 0.0 0.06958655048003273 0.9954734669744394 -0.06473243809852808 0.0 -0.06975647374412532 0.06958655048003273 0.9951340343707853 0.0 0.0 0.0 0.0 1.0
80 0.9980211966240685 -0.051087768914612225 0.0366569359929306 0.0 0.05230407459247084 0.9980849405035744 -0.03302628227642002 0.0 -0.034899496702500976 0.034878236872062644 0.9987820251299123 0.0 0.0 0.0 0.0 1.0
81 0.9984774386394598 -0.014689853375883433 0.053169659917837155 0.0 0.01742848852081216 0.9985252416937292 -0.051415848610707256 0.0 -0.05233595624294383 0.05226423163382673 0.9972609476841365 0.0 0.0 0.0 0.0 1.0
82 0.9974121164231596 -0.0687497115097658 0.021036805356262837 0.0 0.069745849495301 0.9962606381513788 -0.05099271858203016 0.0 -0.01745240643728351 0.05232798522331313 0.9984774386394599 0.0 0.0 0.0 0.0 1.0
83 0.9992386149554827 -0.03458978039552187 0.01804819863694001 0.0 0.03489418134011368 0.9992492448707019 -0.016832787467786218 0.0 -0.01745240643728351 0.017449748351250485 0.999695413509548 0.0 0.0 0.0 0.0 1.0
84 0.9972609476841364 -0.04856269998221006 0.05578769034989243 0.0 0.05226423163382673 0.9963879900298117 -0.0669284947991293 0.0 -0.05233595624294383 0.06966087492121548 0.9961969233988565 0.0 0.0 0.0 0.0 1.0
85 0.9975640502598243 0.003650771757534602 0.06966087492121549 0.0 0.0 0.9986295347545739 -0.052335956242943835 0.0 -0.06975647374412529 0.052208468483931986 0.9961969233988567 0.0 0.0 0.0 0.0 1.0
86 0.9993908270190959 0.001217974870087876 0.03487823687206265 0.0 0.0 0.9993908270190959 -0.034899496702500976 0.0 -0.034899496702500976 0.03487823687206265 0.9987820251299122 0.0 0.0 0.0 0.0 1.0
87 0.9986295347545738 -0.052335956242943835 0.0 0.0 0.052335956242943835 0.9986295347545738 0.0 0.0 0.0 0.0 0.9999999999999999 0.0 0.0 0.0 0.0 1.0
88 0.9998476951563913 -0.01745240643728351 0.0 0.0 0.01745240643728351 0.9998476951563913 0.0 0.0 0.0 0.0 1.0 0.0 0.0 0.0 0.0 1.0
89 0.9974121164231597 -0.06837209771848664 0.022233449256627444 0.0 0.06974584949530101 0.9952189571806561 -0.06837209771848664 0.0 -0.01745240643728351 0.06974584949530101 0.9974121164231597 0.0 0.0 0.0 0.0 1.0
90 0.9998476951563913 -0.017409893252357173 0.0012174183314141707 0.0 0.01745240643728351 0.9974121164231597 -0.069745849495301 0.0 0.0 0.0697564737441253 0.9975640502598243 0.0 0.0 0.0 0.0 1.0
91 0.9992386149554826 -0.033597806569516026 0.0198337534411986 0.0 0.03489418134011367 0.9969988484807274 -0.06910638347292569 0.0 -0.01745240643728351 0.069745849495301 0.9974121164231597 0.0 0.0 0.0 0.0 1.0
92 0.9961969233988567 -0.052335956242943835 0.06966087492121549 0.0 0.052208468483931986 0.9986295347545739 0.003650771757534602 0.0 -0.06975647374412529 0.0 0.9975640502598243 0.0 0.0 0.0 0.0 1.0
93 0.9972609476841365 -0.051415848610707256 0.053169659917837155 0.0 0.05226423163382673 0.9985252416937292 -0.014689853375883433 0.0 -0.05233595624294383 0.01742848852081216 0.9984774386394598 0.0 0.0 0.0 0.0 1.0
94 0.9969563611936845 -0.06783882564751789 0.03841754300073461 0.0 0.06971397998507722 0.9963243334957702 -0.04977733900932569 0.0 -0.03489949670250097 0.052304074592470835 0.9980211966240683 0.0 0.0 0.0 0.0 1.0
95 0.9972609476841365 -0.052335956242943835 0.052264231633826735 0.0 0.052264231633826735 0.9986295347545737 0.0027390523158633317 0.0 -0.052335956242943835 2.168404344971009e-19 0.9986295347545737 0.0 0.0 0.0 0.0 1.0
96 0.9992386149554826 -0.014975798207882784 0.036026599199558744 0.0 0.017441774902830158 0.9974546037102026 -0.06913825298314946 0.0 -0.03489949670250097 0.06971397998507722 0.9969563611936846 0.0 0.0 0.0 0.0 1.0
97 0.9975640502598244 0.004865965629214842 0.06958655048003273 0.0 0.0 0.9975640502598244 -0.0697564737441253 0.0 -0.0697564737441253 0.06958655048003273 0.9951340343707853 0.0 0.0 0.0 0.0 1.0
98 0.9961969233988567 -0.06975647374412529 0.052208468483931986 0.0 0.06966087492121549 0.9975640502598243 0.003650771757534602 0.0 -0.052335956242943835 0.0 0.9986295347545739 0.0 0.0 0.0 0.0 1.0
99 0.9992386149554826 -0.01745240643728351 0.03489418134011368 0.0 0.017441774902830158 0.9998476951563913 0.0006090802009086826 0.0 -0.03489949670250097 0.0 0.9993908270190958 0.0 0.0 0.0 0.0 1.0
100 0.9987820251299123 -0.03238150046796883 0.037227741065427554 0.0 0.03487823687206266 0.997041322825731 -0.06849897204055767 0.0 -0.03489949670250097 0.06971397998507721 0.9969563611936847 0.0 0.0 0.0 0.0 1.0
